1,106,66,40,75,73,74,116,7	0
1,12,15,32,20,50,47,26,81	0
1,12,8,15,61,28,34,7,32	0
1,12,8,27,6,61,10,40,75,7,14,58,36	0
1,12,8,64,6,79,35,20,46	0
1,18,28,3,34,32,20,36,53	0
1,43,12,8,15,27,75,57,36	0
1,43,12,8,27,6,61,69,10,66,28,16,75,3,34	0
1,43,12,8,61,106,79,24,28,3,73,47,57	0
1,5,12,8,15,27,6,98,67,18,2	0
1,5,12,8,15,6,61,106,98,69,140,3,32,68,35,26,36	0
1,5,12,8,15,61,66,34,46,14,58,53	0
1,5,12,8,6,54,10,25,22	0
1,5,43,12,6,61,79,78,18,90,34,32,58,36	0
1,5,43,12,8,15,6,106,10,66,24,3,7,47,77	0
1,5,43,12,8,6,75,32,68,35,36	0
1,5,43,12,8,6,98,69,116,25,36	0
1,5,43,6,140,3,34,25,58,127	0
1,5,43,94,12,8,6,25,20	0
1,5,6,118,18,32,35,83,26,48,81,57	0
1,5,60,43,12,8,15,25,142,57,58	0
1,5,63,43,94,12,8,79,16,116,25,68,35,58	0
1,5,63,6,18,3,25,32,68,48,53	0
1,5,63,60,43,12,8,67,52,40,35,26,22,53	0
1,5,8,15,27,6,61,18,40	0
1,5,8,27,6,66,25,32,53	0
1,5,8,27,64,141,66,3,34,22	0
1,5,8,39,16,75,25,57,53	0
1,5,8,6,18,40,2,20,58	0
1,5,9,12,27,39,91,52,2,35,57	0
1,5,9,12,6,10,35,57,22	0
1,5,9,43,64,6,69,141,66,35,48	0
1,5,9,43,93,12,8,6,18,52,32,35	0
1,5,9,6,40,3,25,26,58	0
1,5,9,60,12,61,106,52,65,7,36,53	0
1,5,9,63,43,12,18,40,152	0
1,5,9,63,43,12,8,27,64,61,79,91,25,35,86,58	0
1,5,9,63,60,43,12,54,14	0
1,5,9,63,93,12,98,10,141,78,3,74,7,14,26,81,57	0
1,5,9,8,6,18,40,83,57	0
1,5,9,91,11,80,7,50,46,53	0
1,5,9,93,12,8,6,118,14,36,22	0
1,5,93,85,25,32,35,20,46,36	0
1,5,94,8,15,27,61,79,68	0
1,60,8,39,61,79,73,32,35	0
1,60,93,12,106,75,74,7,25,32,20	0
1,63,61,28,3,34,73,14,47,26	0
1,63,8,40,80,26,57,58,53	0
1,63,8,64,6,52,40,32,36,53	0
1,63,93,12,61,10,141,79,78,7,14,47,26,48,57	0
1,8,15,40,2,7,48,36,53	0
1,8,15,6,79,18,73,58,36	0
1,8,27,64,6,61,18,90,34,80,128,57,58	0
1,8,61,69,18,40,20,14,58,127	0
1,8,98,18,40,140,7,25,32,20,50,47,26	0
1,9,12,8,15,10,66,35,58	0
1,9,43,12,15,79,40,3,34,32,20,14	0
1,9,43,12,8,10,66,52,3,73,47	0
1,9,43,8,15,61,90,25,26	0
1,9,43,93,94,12,8,15,41,79,25,83,14,26,142,57,58	0
1,9,60,118,24,40,14,47,36	0
1,9,63,12,64,39,6,66,28,75,34	0
1,9,8,27,61,25,20,86,53	0
1,9,93,12,8,39,61,10,66,52,53	0
1,93,12,6,54,18,52,25,14	0
1,93,12,8,10,66,34,25,20,14,81,58	0
1,93,8,27,6,18,99,116,50	0
12,10,118,66,18,3,74,80,116,46,86,53	0
12,10,24,152,7,25,32,35,50,83	0
12,15,10,41,66,18,40,14,48	0
12,18,11,25,32,68,47,26,48	0
12,6,106,66,52,140,7,25,50,86,58,53	0
12,61,41,66,18,116,86,77,58,53	0
12,64,10,18,24,3,46,47,36	0
12,8,15,10,52,40,81,36,53	0
12,8,15,6,61,79,18,3,58	0
12,8,24,34,7,32,35,20,53	0
12,8,27,10,79,140,34,32,20,46	0
12,8,27,61,79,140,2,46,81	0
12,8,39,6,10,66,18,52,32,35,50,83,14,26,53	0
12,8,6,18,40,3,73,32,36	0
12,8,6,18,52,7,32,35,20,26,86,58	0
12,8,6,52,40,73,32,86,48,81	0
12,8,6,79,52,40,28,25,32,35,50,14	0
12,8,6,91,2,32,35,26,57,36	0
12,8,64,98,69,10,40,3,34,25,32,46,36,53	0
12,8,64,98,69,75,7,32,35,81	0
12,8,84,18,99,32,35,20,81	0
124,1,12,27,64,39,54,10,18,52,25	0
124,1,5,43,12,8,15,6,98,79,16,73,25	0
124,1,5,60,27,61,24,25,14,77,48	0
124,1,9,27,6,61,66,40,28,35,20,46,26,57,58,53	0
124,12,64,6,66,18,75,7,25,35,20	0
124,12,8,54,18,3,26,58,36	0
124,12,8,6,106,98,66,3,7,20,83,58	0
124,27,6,78,75,80,32,35,81	0
124,30,43,12,15,6,79,91,7,14,53	0
124,30,5,9,12,61,106,91,3,7,35,22	0
124,30,5,9,60,12,8,24,52,34	0
124,30,94,8,18,2,28,75,7,22	0
124,33,1,12,8,6,79,24,58	0
124,33,43,12,8,6,98,10,140,75,3,53	0
124,33,43,12,8,61,18,58,127	0
124,33,55,1,8,15,39,6,106,79,66,18,35,81	0
124,33,59,55,1,93,12,6,67,66,18,3,25,50,53	0
124,33,59,9,12,8,39,79,18,16,34,7	0
124,33,60,6,61,10,141,52,14	0
124,43,12,6,61,69,78,66,14,53	0
124,43,12,64,6,61,18,32,68,58	0
124,43,8,15,41,66,25,32,57	0
124,43,93,94,12,8,28,32,81	0
124,5,15,6,106,25,86,58,53	0
124,5,43,12,8,15,61,91,18,57	0
124,59,43,12,6,10,18,24,32,58	0
124,59,5,63,60,12,8,79,2,26	0
124,59,9,43,12,8,69,24,99,3,26	0
124,72,5,43,93,12,8,15,6,61,98,69,91,66,24,90,16,75,3,73,116,25,35,14,26	0
124,72,55,1,43,94,12,8,27,6,18,40,16,73	0
124,72,55,1,9,8,15,6,18,52,20,86,36	0
124,8,27,98,28,34,25,32,50	0
124,8,64,106,91,18,68,14,26	0
124,9,64,41,66,18,24,52,40,2,48	0
124,9,8,27,6,91,40,35,20,46,14,36	0
15,6,10,67,18,25,32,35,36	0
30,1,10,118,28,3,34,73,46	0
30,1,12,39,98,41,18,3,25,35	0
30,1,12,8,66,18,52,7,32,46,53	0
30,1,43,12,64,61,75,35,58,36,53	0
30,1,43,12,8,6,66,40,2,90,34,32,35,83	0
30,1,43,15,6,61,91,99,75,35,47	0
30,1,5,43,12,8,61,10,18,16,73	0
30,1,5,43,78,140,32,50,83	0
30,1,5,8,39,79,18,52,74	0
30,1,5,9,60,43,12,8,64,98,18,28,34,74,32,20,26,58,36	0
30,1,9,43,12,40,28,50,83	0
30,1,9,43,8,2,16,32,35,48,22,53	0
30,1,93,94,12,8,6,61,52,25,57	0
30,12,39,6,61,10,24,35,20,26	0
30,12,6,54,18,28,3,25,35	0
30,12,8,66,3,74,25,20,36	0
30,12,8,84,18,75,3,7,57,36	0
30,27,6,61,91,52,80,7,48	0
30,43,12,40,3,34,7,20,22	0
30,43,12,8,15,106,69,66,99,7	0
30,43,12,8,64,6,18,3,152,32,47,77,48	0
30,43,12,8,66,18,52,32,35,83,53	0
30,43,8,18,40,75,25,32,50	0
30,43,8,39,6,54,10,32,26	0
30,43,93,94,8,18,75,152,25,47	0
30,43,94,12,8,15,18,52,20,14,22	0
30,43,94,12,8,15,27,61,18,40,3	0
30,43,94,61,10,75,3,74,11,80,35	0
30,5,43,12,6,98,141,46,58,53	0
30,5,43,6,52,80,50,83,36	0
30,5,43,94,12,8,6,69,18,52,25,20,46,53	0
30,5,9,43,12,8,6,61,141	0
30,5,9,63,43,41,18,24,40,99,32,68	0
30,5,93,12,8,15,27,39,6,66,24,40,53	0
30,5,93,8,15,6,18,52,25,35,50,14,86	0
30,55,1,5,43,93,12,8,27,61,28	0
30,55,12,18,52,25,32,20,50	0
30,55,43,12,15,27,64,6,10,91,40,32,58,127,36	0
30,55,5,43,93,12,8,15,6,61,98,141,79,84,18,24,16,75,85,80,7,20,14,26,58,127	0
30,55,5,9,12,8,39,6,78,18,40,35	0
30,55,5,9,43,94,12,8,15,61,69,18,52,75,47	0
30,55,60,43,93,12,64,6,91,18,34,32,35,46	0
30,55,8,27,6,10,74,32,26	0
30,55,9,43,8,39,6,61,99,34	0
30,55,9,60,12,18,2,73,58	0
30,63,43,93,12,106,98,69,66,18,40,86,53	0
30,63,94,12,8,27,61,79,78,75,7,35,86	0
30,8,15,6,79,66,18,7,20,128	0
30,8,18,40,47,26,57,36,53	0
30,8,27,6,69,66,18,24,75,68,127	0
30,8,6,106,79,24,140,73,35	0
30,9,93,8,3,85,32,35,58	0
30,93,12,61,66,40,28,35,50,36	0
30,94,12,8,64,6,61,141,66,52,32,35	0
31,1,12,39,6,61,18,52,74,80	0
31,1,12,8,18,24,7,35,20	0
31,1,5,9,12,8,27,6,61,66,34,25,46,48,57	0
31,1,5,9,63,43,12,8,6,91,118,52	0
31,1,63,18,40,35,26,48,53	0
31,1,63,43,93,12,8,18,20,36	0
31,1,8,15,6,79,91,78,18,77	0
31,1,9,39,54,91,52,74,53	0
31,1,9,64,39,79,91,66,24,52,40,32,46,14,58,53	0
31,1,93,12,27,61,66,24,73	0
31,12,6,18,40,3,34,47,26,77	0
31,12,6,54,69,18,80,32,50,53	0
31,12,8,27,118,66,3,20,50	0
31,124,1,9,12,8,6,98,50,127	0
31,124,1,9,52,74,7,86,36	0
31,124,30,1,60,43,8,61,79,18,127,53	0
31,124,30,12,79,24,40,74,32	0
31,124,33,78,66,40,99,34,7,36	0
31,124,33,9,43,93,61,66,53	0
31,124,43,93,12,8,6,18,75,80,7,36,53	0
31,124,5,60,12,8,61,66,3,68,50,46	0
31,124,55,60,8,15,99,7,35,58	0
31,124,59,1,6,61,79,84,32	0
31,124,59,30,55,1,43,12,8,66,52	0
31,124,59,30,60,12,8,66,7,128	0
31,124,59,43,93,8,54,141,32,26	0
31,124,60,43,15,61,79,66,18,75,85,73,20,47,58	0
31,124,8,140,28,74,20,58,53	0
31,124,9,78,52,74,152,80,47,36	0
31,18,52,7,25,32,50,26,53	0
31,30,1,5,93,12,8,6,61,35	0
31,30,12,8,15,6,106,40,75,7,25,32,57	0
31,30,43,27,64,6,106,18,74,50,57,58	0
31,30,5,63,93,12,8,61,10,2	0
31,30,5,9,15,6,116,14,36	0
31,30,55,63,43,8,15,25,20	0
31,30,55,63,8,61,141,79,7,32,68,14,57	0
31,30,60,41,91,84,18,25,32,35,83,14	0
31,30,9,43,12,27,6,3,34	0
31,30,9,8,6,61,10,79,28,3,74,7,25,32,68,35,46,47,22	0
31,33,1,43,66,52,25,47,58	0
31,33,15,64,39,78,40,75,3,32,46,26,77,57,58,22	0
31,33,30,1,5,43,12,27,64,61,106,10,79,91,84,66,24,2,75,32,35	0
31,33,30,12,64,6,79,18,73,74,81	0
31,33,30,55,5,12,15,27,39,6,61,79,40,28,3,80,7,35,46,86	0
31,33,43,12,8,64,39,6,61,98,69,40,2,28,99,86,36,53	0
31,33,5,9,43,12,8,6,66,18,40,75,25,32,50,53	0
31,33,55,9,12,8,15,27,61,84,40,16	0
31,33,59,1,12,8,39,61,10,66,18,34,73	0
31,33,59,1,43,8,6,52,81	0
31,33,59,1,5,9,43,94,12,8,39,54,98,79,140,99	0
31,33,59,12,6,61,106,18,25,58	0
31,33,59,30,55,5,60,8,40,140,75,3,34,152,25,20,22	0
31,33,59,5,43,12,6,141,52,40,28,7,35,46,14,26,81	0
31,33,59,5,9,6,61,79,2,65,28,3,74,25,32,47,26,77,58	0
31,33,59,63,43,12,8,66,52,36	0
31,43,12,8,61,98,91,28,34,7,53	0
31,43,8,15,27,66,52,28,74,127	0
31,43,8,39,61,18,40,7,25	0
31,43,8,79,7,32,14,58,127,36,53	0
31,43,93,8,27,39,91,75,32,35,53	0
31,5,12,18,25,32,35,46,47	0
31,5,15,61,79,18,34,73,25,68,14,36	0
31,5,43,8,27,64,79,40,36	0
31,5,60,8,64,6,61,66,99,32,14,58,53	0
31,5,63,12,18,24,32,50,14,48,142	0
31,5,9,12,6,61,18,25,32,68,26,86,48,53	0
31,5,9,27,69,66,18,57,58,53	0
31,5,9,64,54,66,28,3,152	0
31,5,9,8,27,40,28,3,34	0
31,5,9,98,141,66,18,35,53	0
31,51,1,43,12,6,106,67,18,25	0
31,51,1,43,12,8,6,61,79,24,52,99,32,46	0
31,51,1,5,9,8,69,10,66,16,34,68,35,57	0
31,51,1,79,91,75,7,47,57	0
31,51,1,9,93,6,66,52,75,35	0
31,51,12,8,15,27,64,6,52,40,47,26	0
31,51,124,55,12,8,15,18,7,25	0
31,51,124,72,12,61,52,3,20	0
31,51,124,8,54,69,35,20,86,58	0
31,51,124,9,6,18,25,32,36	0
31,51,15,64,67,24,40,7,47	0
31,51,30,1,9,60,12,8,69,79,40,75,73,116,35,20,86,81	0
31,51,30,43,8,64,6,98,78,18,32	0
31,51,30,5,60,43,12,8,6,54,106,118,18	0
31,51,30,5,9,43,93,8,15,6,61,98,10,91,84,66,18,140,90,16,3,152,7,14,47,57	0
31,51,33,1,43,12,79,16,36	0
31,51,33,1,43,93,12,15,41,67,79,118,18,28,32,48	0
31,51,33,1,43,94,8,90,34,20,58	0
31,51,33,12,91,90,34,7,57,58	0
31,51,33,59,43,8,61,98,79,25,35,46,14	0
31,51,33,59,5,9,43,8,64,10,79,18,24,58,53	0
31,51,43,12,6,24,14,26,48	0
31,51,43,15,27,98,18,46,14	0
31,51,43,6,141,18,52,140,3,7	0
31,51,5,12,61,69,18,2,26,53	0
31,51,5,43,8,6,18,40,48	0
31,51,5,43,8,98,79,74,46	0
31,51,5,8,6,40,34,25,32,35	0
31,51,5,8,6,61,24,28,75,32,57	0
31,51,5,9,63,12,8,15,6,91,52,83	0
31,51,5,9,63,43,12,8,6,98,91,118,52,16,75,83,57	0
31,51,55,9,12,8,64,91,66,32	0
31,51,59,1,12,8,18,75,25,86	0
31,51,59,30,55,5,43,8,6,67,18,40,20,50,36	0
31,51,59,9,93,8,66,52,57,36	0
31,51,59,93,12,18,2,36,53	0
31,51,59,93,94,8,98,66,18,20,48	0
31,51,60,15,6,61,10,66,3,53	0
31,51,60,8,6,52,40,3,35,47,58	0
31,51,71,12,66,18,40,14,77	0
31,51,71,33,30,1,5,43,12,8,15,27,6,61,54,106,69,10,141,66,18,140,28,99,3,85,34,128,57	0
31,51,71,63,12,64,61,25,32	0
31,51,8,24,40,75,3,34,35,26	0
31,51,8,39,6,98,69,18,40,74,36	0
31,51,93,12,27,64,106,18,40,32,86,53	0
31,55,43,12,8,27,98,41,91,78,66,25,35,20	0
31,55,5,12,8,6,61,18,36	0
31,55,60,93,12,8,27,64,18,36	0
31,55,63,12,8,39,61,141,24,140,46,47,26	0
31,55,8,15,27,28,16,75,34,46,26,77	0
31,59,1,12,66,40,74,32,128,36	0
31,59,1,8,61,18,75,34,25,20	0
31,59,1,9,12,61,84,46,36	0
31,59,12,8,15,52,2,50,47,57,36	0
31,59,30,5,12,8,6,18,2,74,32,36	0
31,59,30,5,43,12,15,18,40,7,35,26,57,36	0
31,59,30,55,12,8,15,27,6,61,10,79,66,18,34,11,80,20,57	0
31,59,5,43,12,8,27,39,6	0
31,59,5,8,61,79,118,3,36	0
31,59,5,9,12,8,64,61,10,91,46,81	0
31,59,55,9,12,8,18,24,40,47,26	0
31,59,6,106,34,25,32,35,53	0
31,59,9,12,69,91,40,2,34,32,46,86,48,81	0
31,59,9,43,12,8,39,6,10,18,52,32	0
31,59,9,60,43,12,8,40,2,53	0
31,6,118,78,84,40,3,80,32,20,46,14,48	0
31,60,12,8,106,66,18,52,40,53	0
31,63,6,10,84,18,11,25,32	0
31,71,1,5,9,43,94,12,8,6,61,41,66,24,7,20	0
31,71,12,41,18,24,7,20,14	0
31,71,124,9,60,106,98,10,79,118,24,52,34,80,35	0
31,71,30,60,12,8,6,66,40,32,20,83	0
31,71,33,59,43,12,64,10,18,25,53	0
31,71,33,8,15,41,79,24,40,32,35,83,26,22	0
31,71,43,93,8,6,18,24,52,3	0
31,71,5,12,8,41,24,35,53	0
31,71,5,9,12,79,66,65,3,32	0
31,71,5,9,43,12,8,15,27,6,61,106,98,10,91,118,66,24,34,35,20,47	0
31,71,5,9,63,12,8,6,98,91,118,52	0
31,71,8,15,6,98,69,66,65,73,58	0
31,71,8,6,18,40,34,32,35,58	0
31,71,9,12,8,106,79,18,34,73	0
31,72,1,8,27,84,18,24,40,2,74,25,32,35,20,26,48	0
31,72,5,63,43,12,8,79,91,84,40,74,32,68,46,26,127	0
31,8,6,41,78,18,24,52,34,7,25,32,20,48	0
31,8,6,66,52,3,35,50,53	0
31,8,61,66,3,73,25,50,48,58	0
31,9,12,6,67,18,24,40,7,32,47,57	0
31,9,43,12,8,106,10,79,90,85,34,152,80,7,35,14,47,26,53	0
31,9,8,6,54,10,79,91,52,40,25,32,35	0
31,9,93,52,32,35,46,26,53	0
31,93,106,24,40,90,26,36,53	0
31,94,6,141,79,3,25,32,46,81,22	0
33,1,27,6,66,18,25,47,26,53	0
33,1,43,12,54,78,16,80,32,35,83,36,53	0
33,1,43,12,64,66,74,25,32,77	0
33,1,43,12,8,6,69,41,141,79,40,140,16,3,34,74,25,35,48,128,58	0
33,1,5,12,8,61,18,40,28,86	0
33,1,5,63,12,8,6,66,28,75,7,35	0
33,1,63,12,15,6,61,18,81,57	0
33,1,8,41,7,32,35,50,48,53	0
33,1,93,12,8,118,140,28,34,74	0
33,12,61,98,79,91,35,14,86	0
33,12,8,27,78,18,34,32,58,22	0
33,12,8,6,79,18,75,20,50,14	0
33,12,8,66,75,3,34,7,20,48	0
33,18,3,7,25,83,14,48,36	0
33,30,1,5,9,43,12,8,18	0
33,30,1,8,10,66,18,50,58,53	0
33,30,43,8,27,6,69,10,66,116,58	0
33,30,43,8,27,61,28,75,34,46	0
33,30,5,43,93,12,74,80,25,68,35,58	0
33,30,5,9,43,12,8,66,40,74,7,32,50	0
33,30,55,9,63,43,8,15,64,6,61,10,40,25,35	0
33,30,64,61,106,91,18,24,99,53	0
33,30,8,27,52,40,74,25,32,46,47,58	0
33,30,9,60,12,8,61,91,66,46	0
33,43,12,8,15,6,66,40,16,80,68,127	0
33,43,8,15,6,26,58,127,36	0
33,43,93,12,8,15,6,69,16,34	0
33,5,43,12,8,64,6,40,36	0
33,5,8,106,41,66,24,40,2,32,14,47,86,58,53	0
33,5,9,12,6,106,66,140,35	0
33,5,9,12,66,18,28,99,116,25,36	0
33,5,9,43,12,15,18,3,34,14	0
33,5,9,43,12,8,15,6,61,69,79,118,66,24,16,85,116,25,35,14,58	0
33,5,9,43,94,12,64,6,61,54,52,53	0
33,5,93,12,39,6,54,98,69,18,40,26,58,127	0
33,55,1,5,43,12,15,99,75	0
33,55,1,5,9,12,6,18,58,36	0
33,55,12,15,6,18,24,16,35,26,48,53	0
33,55,43,93,12,8,15,27,39,79,66,75	0
33,55,5,9,43,12,18,90,7,32,50	0
33,55,8,18,28,3,7,50,57,53	0
33,55,9,93,12,8,15,6,61,24,14,26	0
33,55,93,91,66,73,25,128,57,127	0
33,59,1,43,94,12,8,15,66,18,25,20	0
33,59,12,8,15,27,3,74,47,86,57	0
33,59,12,8,61,66,18,25,32,35,20	0
33,59,30,12,8,15,61,106,10,41,79,40,34,32,14,47,77,48	0
33,59,30,55,1,12,8,40,58	0
33,59,30,55,60,15,66,18,52,40,28,32,46,26,86,57	0
33,59,30,63,12,8,15,6,3,47	0
33,59,30,8,27,106,41,84,18	0
33,59,43,93,15,69,90,25,20	0
33,59,55,9,43,12,8,67,84,52,32,35,53	0
33,59,9,12,8,118,18,3,73,32,20,47,26,48	0
33,60,43,12,8,15,27,18,24,52,75,73,46,14	0
33,60,43,94,12,8,27,78,66,3,36	0
33,63,8,6,18,25,35,20,26,58	0
33,64,6,79,66,90,99,85,25,36	0
33,72,1,5,60,93,8,6,61,18,40,3,32,22	0
33,72,60,8,6,10,18,40,25,32	0
33,8,27,61,79,18,24,52,3,32,14,86,48	0
33,9,12,8,64,6,61,18,99,32,47	0
33,9,8,18,52,40,2,3,25,36	0
43,10,67,24,25,32,68,35,20	0
43,12,15,27,61,69,18,25,14	0
43,12,6,34,7,32,68,50,36	0
43,12,66,34,25,32,20,83,47,86	0
43,12,8,15,61,106,18,24,3	0
43,12,8,15,64,91,118,16,25,35,14,26	0
43,12,8,41,141,66,52,75,32,14,53	0
43,12,8,6,54,106,79,35,20	0
43,27,64,61,40,7,32,35,36	0
43,6,61,54,69,10,32,68,35,86,53	0
43,66,99,3,7,25,32,68,86,81,36	0
43,8,15,6,61,106,10,66,52,152,68,35,58,22	0
43,8,15,66,28,75,34,73,86,53	0
43,8,2,35,50,47,57,36,53	0
43,8,6,152,25,32,20,86,57	0
43,8,61,91,28,75,47,81,58,127,53	0
43,8,69,66,65,16,74,7,35,58,53	0
43,93,12,8,15,6,106,66,16,25,32	0
43,93,12,8,61,79,18,99,73,32	0
43,93,12,8,61,91,18,24,40	0
43,93,12,8,79,91,152,25,68,128,57,58	0
43,93,64,141,52,90,80,25,35,20	0
43,93,8,27,6,61,106,10,118,18,47	0
43,94,12,8,6,18,28,3,35,22	0
43,94,12,8,6,61,79,73,74,35,14,53	0
43,94,8,15,27,18,32,26,48	0
5,12,6,66,18,40,2,65,75,3,7,25,32,47,77,48,81	0
5,12,61,54,69,10,28,32,14	0
5,12,8,141,52,80,32,68,20	0
5,12,8,27,39,6,61,10,18,40	0
5,12,8,27,6,79,18,32,47,48,81	0
5,12,8,6,10,66,34,35,58	0
5,12,8,6,106,69,67,79,78,40,7,35,57	0
5,12,8,6,18,73,14,26,36	0
5,12,8,91,24,32,36,22,53	0
5,12,8,98,52,40,2,80,32,58,36,53	0
5,39,52,34,7,25,32,35,20,127,53	0
5,39,54,25,35,46,58,36,53	0
5,43,12,15,64,98,79,78,18,73,80,35,36,53	0
5,43,12,27,6,61,10,3,25,36	0
5,43,12,6,61,18,3,32,36	0
5,43,12,8,6,106,66,18,3,25	0
5,43,6,10,41,52,46,47,48	0
5,43,8,27,64,39,6,25,86	0
5,43,8,6,61,18,3,34,25	0
5,43,8,6,61,66,18,3,25	0
5,43,8,6,66,52,40,34,7,32,47,48	0
5,43,93,12,27,61,67,24,25,32	0
5,6,10,41,18,40,3,47,57	0
5,6,98,52,3,25,32,48,36	0
5,60,12,8,6,61,79,7,25,32,46,14	0
5,60,43,12,15,6,66,3,25,32,46,36	0
5,60,43,12,6,10,18,32,53	0
5,60,43,12,8,10,91,24,32,46,58,53	0
5,60,43,8,15,6,61,98,69,86,58	0
5,60,43,8,6,10,18,25,32	0
5,60,8,24,3,35,57,58,53	0
5,63,12,8,52,40,35,14,22	0
5,63,60,12,8,15,64,6,61,78,40,90,73,25,68,35,50,86,22	0
5,63,93,12,6,66,75,74,46,47	0
5,64,6,66,18,52,11,26,86	0
5,8,10,66,18,24,28,3,25,20,57,58	0
5,8,27,6,106,79,66,18,40,3,25,57,53	0
5,8,27,6,98,141,91,40,32	0
5,8,27,64,40,32,68,57,53	0
5,8,61,98,66,18,3,25,35	0
5,8,67,7,25,32,68,35,53	0
5,9,10,99,73,25,20,46,53	0
5,9,12,39,6,61,3,34,47	0
5,9,12,79,78,52,40,28,74,7,32,68,35	0
5,9,12,8,118,40,80,81,57,22	0
5,9,43,12,64,61,98,40,53	0
5,9,43,12,8,27,6,25,46,36	0
5,9,43,12,8,41,66,52,140,20,127	0
5,9,43,12,8,64,6,73,47	0
5,9,43,27,6,28,3,34,25,36	0
5,9,43,8,6,54,66,24,32	0
5,9,43,93,12,8,61,68,35,83,46,53	0
5,9,60,8,27,6,61,14,58	0
5,9,63,43,94,6,73,81,22,53	0
5,9,63,78,84,18,40,32,68,46,14,58	0
5,9,8,27,6,79,91,24,68,20,57	0
5,9,8,6,78,66,40,28,3,7,58,53	0
5,9,8,69,91,24,65,57,36	0
5,9,93,12,8,66,34,32,57,58	0
51,1,12,6,61,91,99,7,25,53	0
51,1,12,64,6,61,69,24,2,25,81	0
51,1,12,8,61,98,10,66,18,40,34,73	0
51,1,15,6,52,3,35,57,36	0
51,1,5,12,27,40,32,26,57	0
51,1,5,12,8,15,61,69,66	0
51,1,5,12,8,6,18,25,32,26,36	0
51,1,5,27,64,41,3,32,50,58	0
51,1,5,43,12,8,6,61,41,18,40,7,36	0
51,1,5,60,43,12,140,99,75,7,32,35,20,58	0
51,1,5,63,12,15,27,39,6,52,28,35,47,48,53	0
51,1,5,9,12,8,15,41,67,40,80,25,83,46,14,26,142,57,58,127	0
51,1,60,12,8,15,61,52,7,25,20,47	0
51,1,60,12,8,6,61,10,79,66,40,3,80,26,48,58	0
51,1,60,6,61,66,18,46,36	0
51,1,8,10,41,79,18,40,35	0
51,1,9,43,12,8,6,61,67,79,40,32,35,57	0
51,1,9,43,94,12,27,6,106,53	0
51,1,9,6,54,98,34,25,32	0
51,1,9,8,10,66,40,34,35,26,77	0
51,1,9,8,64,66,52,3,86	0
51,1,93,12,8,98,10,90,36	0
51,12,15,27,61,69,28,68,35,46	0
51,12,18,52,3,34,25,50,53	0
51,12,6,141,18,25,32,50,53	0
51,12,61,78,66,18,7,25,36	0
51,12,64,6,10,79,18,52,40	0
51,12,64,6,69,67,25,35,53	0
51,12,8,6,79,84,140,16,68,35,20,46,86	0
51,12,8,61,66,40,11,25,32	0
51,12,8,64,39,6,61,52,25,32,14	0
51,12,8,64,66,18,24,25,32,26,53	0
51,12,8,69,91,78,52,40,46,53	0
51,12,99,75,3,7,50,58,53	0
51,124,1,6,69,91,32,35,58,36	0
51,124,1,6,78,18,52,74,152,36	0
51,124,12,27,98,66,18,40,25,32,36,53	0
51,124,12,6,61,66,2,25,32,20,36,53	0
51,124,12,8,6,18,32,20,26,36	0
51,124,33,30,1,43,94,8,15,66,140,7,14,47	0
51,124,33,55,5,94,12,78,24,32,86	0
51,124,33,59,12,98,52,36,53	0
51,124,33,9,8,64,61,41,66,18,24,74,32,35,46,14,47,22	0
51,124,43,12,8,39,6,40,47	0
51,124,5,12,8,6,18,25,32,20,36	0
51,124,5,18,3,25,20,128,57,53	0
51,124,59,1,27,52,34,32,35,127	0
51,124,59,8,15,61,79,24,52,40,7	0
51,124,60,8,61,24,35,14,47	0
51,124,60,93,12,106,69,10,141,91,66,18,80,53	0
51,124,63,12,6,106,66,18,3,32,26	0
51,124,72,1,5,9,43,93,94,12,8,27,6,61,106,10,79,52,40,2,3	0
51,124,9,12,6,18,52,25,32,35,36	0
51,27,6,10,52,40,7,81,58	0
51,30,1,12,8,39,61,54,69,18	0
51,30,1,5,43,12,8,141,75,73,74,26,36	0
51,30,1,5,60,43,8,24,52,35,20	0
51,30,1,6,52,3,32,14,57,58,22	0
51,30,1,93,12,8,64,52,32	0
51,30,12,118,66,140,3,34,73,7,53	0
51,30,43,8,15,27,6,10,18,3	0
51,30,5,12,15,6,98,90,36	0
51,30,5,93,79,66,24,2,34,73,80,7,81	0
51,30,55,12,8,15,66,140,20	0
51,30,55,6,106,10,66,18,40	0
51,30,55,9,43,94,12,6,141,18	0
51,30,60,43,12,8,15,98,18,24,52,40,152,32,35,26,58,36	0
51,30,9,63,43,12,8,27,39,6,98,10,91,24,40,48	0
51,30,9,8,10,24,52,81,57	0
51,33,1,9,43,12,8,6,61,66,24,32,53	0
51,33,1,9,6,79,66,18,40,14,47,36	0
51,33,12,8,6,18,32,57,58,53	0
51,33,12,8,61,69,91,18,7,128,127	0
51,33,30,1,5,43,93,94,12,8,15,27,6,91,66	0
51,33,30,12,15,64,61,106,91,52,99,75,85,74	0
51,33,30,43,12,27,6,10,78,36	0
51,33,30,55,1,63,43,8,15,61,28,7,83,46,26,57,58	0
51,33,30,9,43,93,6,106,141,3,152,7,25,32	0
51,33,5,60,43,93,8,15,6,69,66,14,36	0
51,33,5,93,12,64,61,10,40,25,32,47,53	0
51,33,55,9,60,12,8,64,39,66,46	0
51,33,59,1,60,43,27,6,61,79	0
51,33,59,12,8,15,6,3,35,20	0
51,33,59,30,1,5,8,41,91,66,52,2,32,26	0
51,33,59,30,43,12,6,141,26	0
51,33,59,43,12,8,18,35,50	0
51,33,60,43,12,39,18,90,80,7,25,35,36	0
51,33,60,8,15,61,32,35,26	0
51,33,63,8,10,78,66,74,32,26,53	0
51,33,8,41,79,18,16,3,34,74,57	0
51,33,9,60,12,64,6,79,91,52,2,32,50	0
51,33,9,63,60,43,93,12,8,15,61,78,18,3,25,50,128,57	0
51,33,93,12,15,6,54,69,79,66,24,25,32,35,20,50,47,26,48	0
51,33,94,12,8,61,98,66,18,52,3,32,47,77	0
51,43,12,64,6,61,98,66,24,40,25,35	0
51,43,12,8,15,61,41,34,73,152,7,25,32,35,46,14,48,58	0
51,43,12,98,69,2,75,73,26,58,36	0
51,43,27,6,61,98,41,66,75,32,83,48,36	0
51,43,93,12,8,39,98,79,18	0
51,43,93,94,12,69,10,79,18,25,32,20,83	0
51,5,12,15,39,61,41,78,24,32,35,46	0
51,5,12,15,98,66,18,52,58	0
51,5,12,8,79,18,24,52,140,75,34	0
51,5,15,6,18,40,25,32,36	0
51,5,27,6,116,25,14,57,53	0
51,5,43,12,27,6,98,10,79,66,25	0
51,5,43,12,8,79,66,28,3,34,73,25,36	0
51,5,60,12,64,118,84,83,81	0
51,5,60,12,8,27,141,18,28,3,34,26	0
51,5,60,8,15,18,140,34,152	0
51,5,60,8,15,64,40,32,35,14,57	0
51,5,63,12,41,91,66,24,46,36	0
51,5,63,60,12,40,32,86,58,53	0
51,5,8,39,6,24,11,32,35,53	0
51,5,8,41,79,66,18,24,16,32,58,53	0
51,5,8,6,41,40,3,7,127	0
51,5,8,64,39,6,106,98,78,24,7,32,46,14,26,58,36,53	0
51,5,9,12,15,27,64,39,6,61,106,79,18,24,52,40,99,35,46,47,26,53	0
51,5,9,12,8,27,64,6,61,10,52	0
51,5,9,43,8,6,18,40,75,7,53	0
51,5,9,60,12,8,15,27,61,46,22,53	0
51,5,9,78,18,32,86,48,53	0
51,5,9,8,106,41,24,40,2,75,32,68,14,47,26,86,58,127	0
51,55,1,12,64,6,91,84,24,35,14,26,48,127	0
51,55,1,5,9,12,15,40,140,99,73,26,22	0
51,55,12,6,98,52,34,35,50,58,36	0
51,55,5,43,8,66,18,2,3,74,32,35	0
51,55,5,9,12,98,69,118,18,52,40,58	0
51,55,5,9,8,54,79,91,24,99,74,25,35,14,36	0
51,55,5,93,12,15,6,24,52,3	0
51,55,63,61,84,66,75,81,58,36	0
51,59,1,43,12,27,106,69,10,140,16,75,7,35,26	0
51,59,1,5,9,43,8,15,27,6,98,69,79,118,84,52,3,73,32,35,26,57,58,127	0
51,59,12,118,18,2,25,57,36	0
51,59,30,43,15,6,67,18,52,40,75,80	0
51,59,30,5,12,8,39,61,140,25,57,58,127	0
51,59,30,5,43,93,12,98,25,32,47,77,58,36	0
51,59,30,5,63,12,8,66,32,26	0
51,59,30,55,43,8,15,64,99,26,53	0
51,59,30,55,63,43,12,64,18,116,58	0
51,59,30,60,43,8,15,18,25,36	0
51,59,30,9,63,12,8,15,27,6,40,25,57,58	0
51,59,43,12,8,15,6,61,98,65,34,7	0
51,59,5,12,8,6,61,10,24,73,14,127,22	0
51,59,5,43,12,8,27,18,32	0
51,59,5,43,94,8,27,6,61,36	0
51,59,55,1,12,8,106,66,18,34,26	0
51,59,55,5,9,8,6,98,79,24,116,7,25,35,14,86,77,57,22	0
51,59,60,12,8,18,52,140,3	0
51,59,60,43,8,27,79,52,34,32,35,26,86,57,58	0
51,60,27,6,61,10,79,35,58,53	0
51,63,15,27,6,61,54,98,41,18,40,26	0
51,64,66,18,32,20,83,46,58	0
51,71,1,12,15,69,66,18,52,3,32,48	0
51,71,1,43,12,8,106,41,79,90,75,3,32,35,20,26	0
51,71,1,5,60,8,61,98,40,34,73	0
51,71,1,63,60,39,91,66,7,25,32,35,47,57	0
51,71,12,54,141,18,32,20,26,77,48	0
51,71,12,8,27,10,41,84,40	0
51,71,124,33,5,12,8,15,6,10,79,66,18,52,2,48,36	0
51,71,124,59,5,9,63,12,8,15,61,91,118,78,66,40,32	0
51,71,30,1,60,6,67,18,26	0
51,71,43,12,8,6,18,40,3,25,53	0
51,71,5,8,15,41,18,16,3,35,20,26,58	0
51,71,5,8,6,67,18,65,14,58,36	0
51,71,5,9,12,8,27,64,24,35	0
51,71,59,12,8,64,61,2,35,46,14	0
51,71,59,30,55,5,9,60,12,27,64,6,98,67,2,25,68,47,26,81	0
51,71,59,55,1,8,15,6,61,98,69,10,91,52	0
51,71,63,12,91,84,18,47,26,48	0
51,71,8,18,35,83,26,86,48,127,53	0
51,71,9,6,106,98,18,24,52,40,32,50,36,53	0
51,71,9,8,39,6,69,67,18,40,3,46,53	0
51,71,9,93,12,69,24,25,53	0
51,72,1,12,8,15,27,61,78,18,40,32,36	0
51,72,30,43,66,18,28,16,68,58	0
51,72,5,63,12,8,27,6,2,73,25,14,26	0
51,72,55,63,12,8,27,64,6,106,79,7,14,77	0
51,72,9,27,6,79,24,32,35,57	0
51,8,18,32,46,14,47,77,48	0
51,8,6,69,66,52,46,47,26,36	0
51,8,64,54,79,66,52,40,3,7,32,20	0
51,8,67,141,18,40,74,25,53	0
51,9,12,6,69,66,18,25,36	0
51,9,12,8,15,64,39,6,61,69,141,75,73,14,26,48	0
51,9,18,40,32,35,50,46,48,57	0
51,9,43,10,24,52,90,3,80,25,32,47,53	0
51,9,43,12,8,6,40,32,58,53	0
51,9,43,8,15,66,52,73,35,14,26	0
51,9,43,8,6,84,99,25,35	0
51,9,43,93,8,15,64,106,10,66,90,99,75,74,80,68,20,26,57	0
51,9,60,8,27,64,39,6,61,106,98,66,18,34,14	0
51,9,8,24,90,99,75,34,25,32,20	0
51,9,8,27,6,98,18,25,57	0
51,9,8,6,98,10,40,32,53	0
51,98,18,52,35,50,83,47,53	0
55,1,43,12,78,66,18,24,50,14	0
55,1,43,18,80,25,32,35,58	0
55,1,5,12,61,54,24,57,58	0
55,1,5,9,8,6,91,66,52,99,34,80,32,46,26,53	0
55,1,94,12,8,15,66,99,74,25,68,20,57	0
55,12,8,27,6,18,40,2,3,25,35	0
55,12,8,6,61,141,79,118,35,50	0
55,27,69,28,99,3,34,35,57,58	0
55,43,79,18,52,3,32,35,36	0
55,5,12,8,15,27,64,6,61,66,40,28,3,80,25,20,57,58	0
55,5,12,8,15,6,61,69,24,32,20	0
55,5,43,12,6,61,10,18,73	0
55,5,6,79,66,18,11,32,68	0
55,5,94,12,8,27,78,36,53	0
55,60,12,8,54,106,69,40,47	0
55,8,27,64,18,75,32,58,53	0
55,8,78,66,24,40,3,32,35,83,46,53	0
55,9,12,15,10,141,66,40,16,3,80,7	0
55,9,12,8,6,10,3,34,73,11,25	0
55,9,43,12,8,27,66,90,75,3,7,20,36	0
59,1,12,8,15,61,78,3,34,73,7,36	0
59,1,43,8,64,6,118,3,74,26,48	0
59,1,5,43,12,8,27,64,6,79,52,2,75,116,35	0
59,1,5,63,43,10,25,35,20	0
59,1,5,8,79,66,83,77,58	0
59,1,9,43,12,64,39,98,41,35,26,53	0
59,1,9,43,12,8,15,27,6,61,10,79,91,32,35,46	0
59,1,9,43,8,18,75,7,20	0
59,12,61,79,35,86,58,36,53	0
59,12,8,6,118,18,140,28,85,34,25,32	0
59,30,1,43,12,8,18,28,99,75,47,81	0
59,30,1,43,94,12,140,25,20,86	0
59,30,1,60,43,12,8,6,10,75,86,57,53	0
59,30,1,9,43,93,12,8,15,78,25,47,36,53	0
59,30,15,61,91,118,18,40,80,47,26,53	0
59,30,43,12,67,141,66,65,36,53	0
59,30,43,12,8,66,16,34,35,20,36	0
59,30,43,12,8,79,16,73,116,32	0
59,30,5,43,12,8,6,61,41,79,18,2,65,3,34,80,25,20,47,77,57	0
59,30,55,12,8,79,18,3,53	0
59,30,60,43,94,15,6,24,52,25,68,20,57	0
59,30,60,8,141,118,84,75,7,32,26,58,36	0
59,30,93,6,118,18,3,34,46,36	0
59,43,12,54,18,40,25,32,83,26,86,48,58,36	0
59,43,12,64,69,79,78,74,80,46,47,81	0
59,43,12,8,15,61,41,66,18,24,40,152,32,47,48,58	0
59,43,12,8,39,6,61,18,28,47,36	0
59,43,12,85,34,73,46,47,53	0
59,43,8,61,78,52,28,99,3,34,25,86,57,127	0
59,43,93,12,8,15,79,66,18,20,50,58	0
59,43,94,12,8,41,66,3,35,57	0
59,43,98,79,84,25,35,58,53	0
59,5,12,64,6,140,28,16,7,25,32,35,50,46	0
59,5,43,61,79,140,75,25,48	0
59,5,43,93,12,8,15,61,106,98,78,2,32,36	0
59,5,43,94,8,15,66,18,73,25,46,26,57	0
59,5,63,43,12,8,15,6,18	0
59,5,63,93,12,8,6,79,25,81	0
59,5,8,15,64,6,79,91,7,35,26,36	0
59,5,8,27,6,69,91,66,73,35	0
59,5,8,27,91,66,3,74,32,20,22	0
59,5,93,94,8,15,79,18,152,25	0
59,55,1,15,6,61,69,79,24,35,46,48,53	0
59,55,1,60,93,61,16,7,26	0
59,55,6,10,67,79,99,32,47,81	0
59,55,9,43,93,12,8,64,61,106,69,66,90,99,35	0
59,55,9,63,43,12,8,6,10,34,11,32,35	0
59,55,9,94,12,8,15,98,41,18,40,140,3	0
59,60,61,54,28,75,32,26,36	0
59,60,8,91,24,52,3,14,58	0
59,61,69,10,67,141,24,25,32,35	0
59,63,60,12,61,66,18,40,34,73,25	0
59,8,27,6,61,10,66,24,34,73,7,46,47,48,58	0
59,9,12,15,16,3,32,47,53	0
59,9,12,8,27,24,34,25,32	0
59,9,12,8,6,118,28,34,73,14	0
59,9,43,27,6,61,66,90,3	0
59,9,63,12,8,40,28,75,34,116,26	0
59,93,12,15,64,54,79,18,7,53	0
59,93,12,8,27,39,61,18,46,47,36	0
59,93,8,15,27,25,32,68,26,58	0
6,10,67,18,25,32,35,20,26,36	0
6,54,66,18,40,32,14,26,77,58	0
6,61,28,3,34,73,32,35,26,57,58,36	0
6,61,79,90,99,73,32,68,35	0
60,12,6,61,106,41,40,140,28	0
60,43,12,15,69,66,18,35,57	0
60,43,12,27,39,10,140,3,68,86	0
60,43,8,64,6,61,10,2,35	0
60,43,94,12,8,27,10,14,47,53	0
60,8,15,61,66,28,11,80,25,53	0
60,8,69,41,66,18,24,3,34,47	0
63,43,12,140,99,75,3,7,25	0
63,43,8,15,61,140,75,25,35	0
63,43,93,61,18,7,25,32,35,26,53	0
63,60,12,27,98,40,68,46,57,58	0
63,8,15,18,7,25,32,68,22	0
64,6,79,32,68,14,47,58,36	0
71,1,39,6,10,18,116,58,22	0
71,1,5,9,94,12,8,6,67,52,116,35	0
71,12,61,69,18,32,68,26,48	0
71,12,8,64,6,99,75,80,7,32,53	0
71,124,43,12,8,27,6,79,91,118,18,152,68,48,81	0
71,124,5,9,12,6,41,24,2,75,3,74,7,32,58	0
71,124,60,12,8,15,6,41,24,3	0
71,124,8,64,39,61,98,18,32,35	0
71,30,1,5,43,12,8,39,66,18,40,74,32,14,26,86,77,48,58,36	0
71,30,12,8,66,75,34,152,25,22	0
71,30,5,9,12,8,64,6,61,106,84,18,32,14,26	0
71,30,63,6,61,66,24,40,25,35,46,26,36,53	0
71,33,1,12,8,6,61,20,26,22	0
71,33,1,5,60,43,12,8,6,61,54,106,98,18,40,2,75,35	0
71,33,1,60,93,8,27,6,79,18,3,32,48,81,128	0
71,33,43,93,12,6,61,98,79,91,78,36	0
71,33,59,43,8,61,18,34,32,47,26,86,77,58	0
71,33,72,30,93,8,15,84,66,40,90,34,152,7	0
71,41,18,24,35,50,14,47,26	0
71,43,12,64,52,99,3,25,35,83	0
71,43,8,27,6,91,66,24,140,28,99,34,11	0
71,43,93,12,8,61,106,98,69,10,66,90,80,58	0
71,43,93,8,66,18,52,40,36	0
71,5,12,8,6,18,28,3,57,53	0
71,5,15,10,66,24,40,35,26,53	0
71,5,43,12,8,15,6,79,84,24,99,57	0
71,5,63,93,12,6,61,106,98,79,24,40,2,75,25,35,127	0
71,5,8,64,39,52,40,75,26	0
71,5,8,64,39,6,69,41,24,35,58	0
71,5,9,12,8,41,79,52,32,53	0
71,5,9,12,8,6,61,67,78,34,73,35,46,47,57,58	0
71,5,9,63,60,12,27,64,6,18,3,86,58	0
71,5,9,93,12,8,15,27,6,98,90,3,152,20	0
71,55,1,43,93,12,8,24,52,34,32,83,53	0
71,55,12,8,27,141,66,18,3	0
71,55,8,41,18,40,35,46,77	0
71,55,8,41,24,25,32,35,46,53	0
71,55,9,15,39,6,91,18,2,99,47,53	0
71,55,93,12,41,79,66,18,24,53	0
71,59,1,5,43,12,6,118,35,14	0
71,59,1,9,43,12,39,54,98,79,118,75,3	0
71,59,55,9,12,8,15,27,64,39,61,66,52,140,57	0
71,59,60,43,75,32,20,46,36	0
71,59,8,6,69,67,18,24,52,40,26,58,36,53	0
71,60,43,8,61,52,40,20,58	0
71,60,93,8,39,6,61,10,141,40,2,26,86,57	0
71,63,60,69,41,14,47,22,53	0
71,64,91,24,32,14,57,36,53	0
71,72,5,8,15,91,40,140,2,32,47,86,53	0
71,8,15,27,64,39,6,106,52,40,35,26,53	0
71,8,41,24,2,25,32,35,53	0
71,8,64,41,66,24,74,7,86,57	0
71,9,43,12,8,27,64,39,6,141,24,40,16,34,7,32,35,46,14,58	0
71,9,43,12,8,61,69,66,3	0
71,9,8,27,64,39,61,98,10,24,7,14,26	0
71,9,94,12,15,18,24,75,80,32	0
71,93,12,8,61,106,98,52,46,86	0
72,1,5,43,94,12,8,27,69,10,66,52,75,25,68,35	0
72,1,5,63,43,93,12,18,52,40,74,152,35,58	0
72,1,5,9,60,43,94,8,15,79,74,25,142,57,58	0
72,1,5,9,63,10,2,3,35,53	0
72,1,9,43,93,12,8,15,25,20	0
72,5,12,27,66,52,2,3,73,35	0
72,5,43,12,15,61,69,35,48,58	0
72,5,63,12,8,27,6,41,116,22	0
72,5,63,43,12,15,61,54,41,75,73,14	0
72,5,8,6,54,69,10,52,73,116,25,32,35,50,22	0
72,5,9,43,12,27,39,6,16,3	0
72,5,9,43,12,8,64,39,6,10,41,24,20,47,48	0
72,5,9,43,94,12,8,39,6,18,75,7,25,35,48	0
72,5,9,93,61,40,2,7,46,53	0
72,55,43,12,8,6,69,14,86,48,57	0
72,59,1,9,91,47,26,57,53	0
72,59,30,55,5,43,93,12,8,15,39,6,18,75,35,47,48	0
72,59,30,94,12,106,79,18,16	0
72,6,18,40,3,25,32,35,50	0
72,63,93,12,8,39,6,61,69,79,35,58	0
72,9,43,6,10,28,34,58,36	0
8,15,39,54,66,18,90,7,26,53	0
8,15,6,52,25,32,35,14,36	0
8,15,6,91,18,65,3,74,35,20	0
8,27,6,61,18,7,25,47,36	0
8,27,61,10,24,75,34,73,26	0
8,39,6,18,24,74,80,32,68,14,86,53	0
8,39,6,98,18,7,35,14,53	0
8,6,118,66,24,3,35,47,128,57	0
8,6,91,34,7,25,35,20,46	0
9,12,6,61,66,52,7,86,22	0
9,12,8,15,27,18,3,73,25,20,50,58	0
9,12,8,15,61,98,40,57,58	0
9,12,8,39,6,10,99,35,57	0
9,12,8,64,39,6,10,84,18,24,35,46,14,26,58	0
9,43,12,8,15,61,98,66,7	0
9,43,12,8,18,52,50,36,22	0
9,43,39,79,18,68,35,36,22	0
9,43,8,15,27,6,24,3,74,7	0
9,43,8,61,41,24,28,35,58	0
9,60,12,8,6,66,18,40,3	0
9,60,43,6,106,69,91,118,24,40,99,32,14	0
9,60,43,8,27,61,106,79,40	0
9,63,60,12,8,18,65,25,32,83	0
9,63,8,6,67,52,2,16,74,20,36,22	0
9,8,27,6,61,18,75,3,36	0
9,8,6,106,98,10,3,25,35	0
9,8,6,61,10,18,47,26,36	0
9,8,66,24,28,85,73,25,35	0
9,93,12,8,15,106,66,24,3,25,35,26	0
9,93,8,6,79,118,18,2,3,20	0
9,94,12,8,27,61,58,127,53	0
93,12,8,15,39,61,78,18,20,14,58,36	0
93,12,8,27,6,52,16,3,50,57,58,127	0
93,12,8,6,79,25,35,20,46	0
93,15,61,69,79,99,85,48,58	0
93,64,6,66,18,52,40,25,32,35,14,26,58	0
94,12,8,15,24,3,68,57,53	0
94,12,98,10,90,75,3,35,20,57	0
94,8,39,6,10,79,118,18,90,3,36	0
94,8,6,69,66,28,3,34,73,80,68,50	0
