1,43,12,8,15,66,18,25	0
1,43,12,8,6,61,66,75	0
1,5,43,12,8,15,6,25	0
1,5,43,12,8,15,6,66	0
1,5,43,12,8,6,61,18	0
1,5,43,12,8,6,61,18,75	0
1,5,43,12,8,66,75,25	0
1,5,9,12,8,6,61,66,25	0
1,5,9,43,12,8,6,18	0
1,5,9,43,12,8,6,61	0
1,5,9,43,12,8,6,61,66	0
1,5,9,43,12,8,61,25	0
1,9,43,12,8,15,6,61	0
1,9,43,12,8,6,61,66	0
30,1,5,43,12,61,66,75	0
30,1,5,43,12,8,15,6,61,66,18	0
30,1,5,43,12,8,15,6,66	0
30,1,5,43,12,8,61,18	0
30,1,5,43,12,8,66,18	0
30,1,5,9,43,12,8,18	0
30,1,5,9,43,12,8,18	0
30,1,9,43,12,8,15,25	0
30,12,8,15,6,61,66,18	0
30,5,43,12,8,15,6,18,75	0
30,5,43,12,8,15,6,61,18,75	0
30,5,43,12,8,6,18,25	0
30,5,43,12,8,6,61,18,25	0
30,5,9,12,8,6,61,18	0
30,5,9,43,12,8,15,61,18,75	0
30,5,9,43,12,8,6,61	0
30,5,9,43,8,15,6,61,66,18	0
30,9,43,8,15,6,61,25	0
5,12,8,15,6,61,66,25	0
5,43,12,8,15,6,61,66,75,25	0
5,43,12,8,6,66,18,25	0
5,43,8,6,61,66,18,25	0
5,9,43,12,8,15,6,61,66	0
5,9,43,12,8,15,6,61,66,25	0
5,9,43,12,8,6,18,75,25	0
5,9,43,12,8,6,66,18,75,25	0
9,43,12,8,15,61,18,25	0
