1,12,15,32,20,47,26	0
1,12,27,39,10,18,52,25	0
1,12,6,18,32,26,36	0
1,12,8,15,40,75,25,20	0
1,12,8,15,61,34,32	0
1,12,8,15,79,18,52,35	0
1,12,8,27,6,35,14	0
1,12,8,27,6,61,10,40,75,14,58,36	0
1,12,8,6,24,25,36	0
1,12,8,6,79,35,20	0
1,15,10,24,75,3,36	0
1,15,39,6,98,79,32	0
1,15,6,10,18,25,32,36	0
1,18,3,34,32,20,36,53	0
1,27,6,98,18,75,25	0
1,43,12,66,18,24,14	0
1,43,12,66,32,47,36	0
1,43,12,8,15,27,75,36	0
1,43,12,8,27,6,61,69,10,66,16,75,3,34	0
1,43,12,8,61,106,79,24,3,47	0
1,43,18,25,32,35,58	0
1,43,6,98,18,24,52	0
1,43,8,15,61,75,25,20	0
1,43,8,39,79,35,58	0
1,43,8,6,25,26,58	0
1,43,8,6,61,18,14	0
1,43,94,12,15,61,47	0
1,43,94,12,8,27,6,18,40,16	0
1,5,12,39,6,40,47	0
1,5,12,8,15,27,6,98,18	0
1,5,12,8,15,6,61,106,98,69,3,32,35,26,36	0
1,5,12,8,15,61,66,34,14,58,53	0
1,5,12,8,6,10,25	0
1,5,18,75,32,47,26	0
1,5,27,61,24,25,14	0
1,5,43,12,15,6,61	0
1,5,43,12,6,61,79,18,34,32,58,36	0
1,5,43,12,8,15,25,58	0
1,5,43,12,8,15,6,106,10,66,24,3,47	0
1,5,43,12,8,15,6,98,79,16,25	0
1,5,43,12,8,6,75,32,35,36	0
1,5,43,12,8,6,98,69,25,36	0
1,5,43,12,8,61,79	0
1,5,43,6,3,34,25,58	0
1,5,43,94,12,8,27,69,10,66,52,75,25,35	0
1,5,43,94,12,8,6,25,20	0
1,5,6,18,32,35,26	0
1,5,63,10,18,25,35	0
1,5,63,12,8,25,35	0
1,5,63,43,12,8,52,40,35,26,53	0
1,5,63,43,93,12,18,52,40,35,58	0
1,5,63,43,94,12,8,79,16,25,35,58	0
1,5,63,6,18,3,25,32,53	0
1,5,8,15,27,6,25	0
1,5,8,15,27,6,61,18,40	0
1,5,8,18,25,14,36	0
1,5,8,27,6,66,25,32,53	0
1,5,8,27,66,3,34	0
1,5,8,39,16,75,25,53	0
1,5,8,6,106,25,26	0
1,5,8,6,18,40,20,58	0
1,5,8,6,52,58,53	0
1,5,9,12,27,39,91,52,35	0
1,5,9,12,6,10,35	0
1,5,9,12,61,106,52,36,53	0
1,5,9,43,12,26,53	0
1,5,9,43,6,69,66,35	0
1,5,9,43,93,12,8,6,18,52,32,35	0
1,5,9,43,94,8,15,79,25,58	0
1,5,9,6,40,3,25,26,58	0
1,5,9,63,10,3,35,53	0
1,5,9,63,43,12,14	0
1,5,9,63,43,12,18,40	0
1,5,9,63,43,12,8,27,61,79,91,25,35,58	0
1,5,9,63,93,12,98,10,3,14,26	0
1,5,9,8,6,18,40	0
1,5,9,8,6,91,66,52,34,32,26,53	0
1,5,9,93,12,8,6,14,36	0
1,5,93,12,40,25,36	0
1,5,93,25,32,35,20,36	0
1,5,94,12,8,61,25	0
1,5,94,8,15,27,61,79	0
1,6,25,32,35,26,53	0
1,63,61,3,34,14,47,26	0
1,63,8,18,40,75,3,36	0
1,63,8,40,26,58,53	0
1,63,8,6,52,40,32,36,53	0
1,63,93,12,61,10,79,14,47,26	0
1,8,106,16,3,34,25	0
1,8,15,6,79,18,58,36	0
1,8,27,6,61,18,34,58	0
1,8,39,61,79,32,35	0
1,8,39,66,18,3,25	0
1,8,6,24,34,32,58,53	0
1,8,6,79,18,3,26	0
1,8,6,98,52,3,53	0
1,8,61,69,18,40,20,14,58	0
1,8,98,18,40,25,32,20,47,26	0
1,9,12,8,15,10,66,35,58	0
1,9,15,18,75,32,20	0
1,9,24,40,14,47,36	0
1,9,27,6,61,66,40,35,20,26,58,53	0
1,9,43,12,15,79,40,3,34,32,20,14	0
1,9,43,12,8,10,66,52,3,47	0
1,9,43,8,15,61,25,26	0
1,9,43,93,12,8,15,25,20	0
1,9,43,93,94,12,8,15,79,25,14,26,58	0
1,9,63,106,18,75,53	0
1,9,63,12,39,6,66,75,34	0
1,9,63,12,52,25,58	0
1,9,8,15,6,18,52,20,36	0
1,9,8,27,61,25,20,53	0
1,9,93,12,8,39,61,10,66,52,53	0
1,93,12,106,75,25,32,20	0
1,93,12,6,18,52,25,14	0
1,93,12,8,10,66,34,25,20,14,58	0
1,93,6,98,18,20,53	0
1,94,12,8,15,66,25,20	0
1,94,15,66,75,25,20	0
12,10,18,24,3,47,36	0
12,15,10,66,18,40,14	0
12,15,6,61,10,3,14	0
12,15,98,10,18,3,32	0
12,27,6,52,25,36,53	0
12,6,106,66,52,25,58,53	0
12,6,61,79,16,32,26	0
12,6,66,18,75,25,35,20	0
12,8,10,91,18,52,25,36	0
12,8,15,10,52,40,36,53	0
12,8,15,6,61,79,18,3,58	0
12,8,18,3,26,58,36	0
12,8,24,34,32,35,20,53	0
12,8,27,10,79,34,32,20	0
12,8,27,6,18,40,3,25,35	0
12,8,27,79,66,34,36	0
12,8,39,6,10,66,18,52,32,35,14,26,53	0
12,8,39,6,61,66,40	0
12,8,6,106,98,66,3,20,58	0
12,8,6,18,40,3,32,36	0
12,8,6,18,52,32,35,20,26,58	0
12,8,6,52,40,32,36	0
12,8,6,61,79,3,36	0
12,8,6,79,52,40,25,32,35,14	0
12,8,6,91,32,35,26,36	0
12,8,61,18,3,32,53	0
12,8,66,3,25,35,20	0
12,8,91,40,35,14,53	0
12,8,98,69,10,40,3,34,25,32,36,53	0
12,8,98,69,75,32,35	0
15,10,79,32,35,58,53	0
15,6,10,18,25,32,35,36	0
15,6,98,18,32,47,36	0
15,98,91,18,52,35,14	0
15,98,91,40,32,35,26	0
24,40,32,35,14,47,53	0
30,1,12,39,98,18,3,25,35	0
30,1,12,8,66,18,52,32,53	0
30,1,27,18,75,3,36	0
30,1,43,12,18,34,35	0
30,1,43,12,61,75,35,58,36,53	0
30,1,43,12,8,6,66,40,34,32,35	0
30,1,43,15,6,61,91,75,35,47	0
30,1,43,6,61,52,58,36	0
30,1,43,93,27,69,18,35	0
30,1,5,43,12,8,61,10,18,16	0
30,1,5,43,93,12,8,27,61	0
30,1,5,6,79,18,25	0
30,1,5,8,39,79,18,52	0
30,1,5,8,6,3,58	0
30,1,5,9,10,18,26	0
30,1,5,9,43,12,8,98,18,34,32,20,26,58,36	0
30,1,63,39,6,98,18	0
30,1,8,66,18,40,35	0
30,1,9,43,12,61,3,53	0
30,1,9,43,8,16,32,35,53	0
30,1,9,6,10,24,53	0
30,1,9,6,18,3,25	0
30,1,93,94,12,8,6,61,52,25	0
30,12,18,52,25,32,20	0
30,12,39,6,61,10,24,35,20,26	0
30,12,6,18,3,25,35	0
30,12,8,18,75,3,36	0
30,12,8,66,3,25,20,36	0
30,43,12,15,27,6,10,91,40,32,58,36	0
30,43,12,15,6,79,91,14,53	0
30,43,12,24,32,26,36	0
30,43,12,40,3,34,20	0
30,43,12,8,15,106,69,66	0
30,43,12,8,27,66,32,35	0
30,43,12,8,6,18,3,32,47	0
30,43,12,8,6,61,10,58	0
30,43,12,8,66,18,52,32,35,53	0
30,43,18,52,40,75,58,36	0
30,43,8,15,6,32,36	0
30,43,8,18,40,75,25,32	0
30,43,8,39,6,10,32,26	0
30,43,93,12,6,91,18,34,32,35	0
30,43,93,94,8,18,75,25,47	0
30,43,94,12,8,15,18,52,20,14	0
30,43,94,12,8,15,27,61,18,40,3	0
30,43,94,15,98,66,25	0
30,43,94,61,10,75,3,35	0
30,5,12,8,10,18,25	0
30,5,43,12,27,18,25	0
30,5,43,12,6,98,58,53	0
30,5,43,12,8,27,66	0
30,5,43,93,12,8,15,6,61,98,79,18,24,16,75,20,14,26,58	0
30,5,43,94,12,8,6,69,18,52,25,20,53	0
30,5,9,12,61,106,91,3,35	0
30,5,9,12,8,24,52,34	0
30,5,9,12,8,39,6,18,40,35	0
30,5,9,43,12,8,6,61	0
30,5,9,43,94,12,8,15,61,69,18,52,75,47	0
30,5,9,63,43,18,24,40,32	0
30,5,93,12,8,15,27,39,6,66,24,40,53	0
30,5,93,8,15,6,18,52,25,35,14	0
30,5,94,8,27,6,61,98	0
30,63,12,8,6,79,36	0
30,63,43,93,12,106,98,69,66,18,40,53	0
30,63,94,12,8,27,61,79,75,35	0
30,8,15,6,79,66,18,20	0
30,8,18,35,47,26,36	0
30,8,18,40,47,26,36,53	0
30,8,27,6,10,32,26	0
30,8,27,6,69,66,18,24,75	0
30,8,6,106,79,24,35	0
30,9,12,8,18,40,32	0
30,9,43,8,39,6,61,34	0
30,9,8,15,27,3,47	0
30,9,8,15,27,6,24	0
30,9,93,8,3,32,35,58	0
30,93,12,61,66,40,35,36	0
30,94,12,8,6,61,66,52,32,35	0
31,1,12,39,6,61,18,52	0
31,1,12,8,18,24,35,20	0
31,1,5,9,12,8,27,6,61,66,34,25	0
31,1,5,9,63,43,12,8,6,91,52	0
31,1,63,18,40,35,26,53	0
31,1,63,43,93,12,8,18,20,36	0
31,1,8,15,6,79,91,18	0
31,1,8,27,18,24,40,25,32,35,20,26	0
31,1,8,6,98,40,35	0
31,1,9,12,8,6,98	0
31,1,9,39,79,91,66,24,52,40,32,14,58,53	0
31,1,9,39,91,52,53	0
31,1,93,12,27,61,66,24	0
31,1,93,12,8,18,34,32	0
31,12,15,6,106,18,36	0
31,12,6,18,40,3,34,47,26	0
31,12,6,69,18,32,53	0
31,12,8,106,66,18,52,40,53	0
31,12,8,27,66,24,53	0
31,12,8,27,66,3,20	0
31,12,8,6,10,18,40	0
31,12,8,6,10,18,40	0
31,18,52,25,32,26,53	0
31,30,1,43,8,61,79,18,53	0
31,30,1,5,93,12,8,6,61,35	0
31,30,12,79,24,40,32	0
31,30,12,8,15,6,106,40,75,25,32	0
31,30,12,8,39,6,69	0
31,30,43,27,6,106,18,58	0
31,30,43,8,15,6,18	0
31,30,5,63,93,12,8,61,10	0
31,30,5,9,15,6,14,36	0
31,30,63,12,20,58,36	0
31,30,63,43,18,32,14	0
31,30,63,43,8,15,25,20	0
31,30,63,8,61,79,32,14	0
31,30,9,43,12,27,6,3,34	0
31,30,9,8,6,61,10,79,3,25,32,35,47	0
31,30,91,18,25,32,35,14	0
31,33,1,43,66,52,25,47,58	0
31,33,15,39,40,75,3,32,26,58	0
31,33,30,1,5,43,12,27,61,106,10,79,91,66,24,75,32,35	0
31,33,30,12,6,79,18	0
31,33,30,5,12,15,27,39,6,61,79,40,3,35	0
31,33,30,8,52,40,25	0
31,33,43,12,8,39,6,61,98,69,40,36,53	0
31,33,5,9,43,12,8,6,66,18,40,75,25,32,53	0
31,33,59,1,12,8,39,61,10,66,18,34	0
31,33,59,1,43,8,6,52	0
31,33,59,1,5,9,43,94,12,8,39,98,79	0
31,33,59,12,6,61,106,18,25,58	0
31,33,59,30,5,8,40,75,3,34,25,20	0
31,33,59,5,43,12,6,52,40,35,14,26	0
31,33,59,5,9,6,61,79,3,25,32,47,26,58	0
31,33,59,63,43,12,8,66,52,36	0
31,33,9,12,8,15,27,61,40,16	0
31,33,9,43,93,61,66,53	0
31,43,12,66,18,40,25	0
31,43,12,8,27,98,91,66,25,35,20	0
31,43,12,8,61,98,91,34,53	0
31,43,15,61,79,66,18,75,20,47,58	0
31,43,8,15,27,66,52	0
31,43,8,39,61,18,40,25	0
31,43,8,79,32,14,58,36,53	0
31,43,93,12,8,6,18,75,36,53	0
31,43,93,8,27,39,91,75,32,35,53	0
31,5,12,18,25,32,35,47	0
31,5,12,8,15,91,35	0
31,5,12,8,18,32,35	0
31,5,12,8,6,61,18,36	0
31,5,12,8,61,66,3	0
31,5,12,8,91,18,58,36	0
31,5,15,61,79,18,34,25,14,36	0
31,5,43,8,15,27,6	0
31,5,43,8,27,79,40,36	0
31,5,63,12,18,24,32,14	0
31,5,63,43,12,8,79,91,40,32,26	0
31,5,8,10,18,25,58,53	0
31,5,8,6,61,66,32,14,58,53	0
31,5,9,12,6,61,18,25,32,26,53	0
31,5,9,27,69,66,18,58,53	0
31,5,9,8,27,40,3,34	0
31,5,9,98,66,18,35,53	0
31,51,1,43,12,6,106,18,25	0
31,51,1,43,12,8,6,61,79,24,52,32	0
31,51,1,5,9,8,69,10,66,16,34,35	0
31,51,1,79,91,75,47	0
31,51,1,9,93,6,66,52,75,35	0
31,51,12,61,52,3,20	0
31,51,12,66,32,14,53	0
31,51,12,8,15,18,25	0
31,51,12,8,15,27,6,52,40,47,26	0
31,51,15,6,61,10,66,3,53	0
31,51,30,1,9,12,8,69,79,40,75,35,20	0
31,51,30,43,8,6,98,18,32	0
31,51,30,5,43,12,8,6,106,18	0
31,51,30,5,9,43,93,8,15,6,61,98,10,91,66,18,16,3,14,47	0
31,51,33,1,43,12,79,16,36	0
31,51,33,1,43,93,12,15,79,18,32	0
31,51,33,1,43,94,8,34,20,58	0
31,51,33,12,91,34,58	0
31,51,33,59,43,8,61,98,79,25,35,14	0
31,51,33,59,5,9,43,8,10,79,18,24,58,53	0
31,51,43,12,18,75,20	0
31,51,43,12,6,24,14,26	0
31,51,43,15,27,98,18,14	0
31,51,43,6,18,52,3	0
31,51,43,6,61,40,58	0
31,51,5,12,61,69,18,26,53	0
31,51,5,43,8,6,18,40	0
31,51,5,43,8,98,79	0
31,51,5,8,6,40,34,25,32,35	0
31,51,5,8,6,61,24,75,32	0
31,51,5,9,63,12,8,15,6,91,52	0
31,51,5,9,63,43,12,8,6,98,91,52,16,75	0
31,51,59,1,12,8,18,75,25	0
31,51,59,27,32,14,58	0
31,51,59,30,5,43,8,6,18,40,20,36	0
31,51,59,43,8,6,91,20	0
31,51,59,9,15,24,52	0
31,51,59,9,93,8,66,52,36	0
31,51,59,93,12,18,36,53	0
31,51,59,93,94,8,98,66,18,20	0
31,51,59,98,40,3,36	0
31,51,6,24,25,32,53	0
31,51,71,12,66,18,40,14	0
31,51,71,33,30,1,5,43,12,8,15,27,6,61,106,69,10,66,18,3,34	0
31,51,71,5,18,40,26,58	0
31,51,71,63,12,61,25,32	0
31,51,8,24,40,75,3,34,35,26	0
31,51,8,39,6,98,69,18,40,36	0
31,51,8,6,52,40,3,35,47,58	0
31,51,8,69,35,20,58	0
31,51,9,12,8,91,66,32	0
31,51,9,6,18,25,32,36	0
31,51,93,12,27,106,18,40,32,53	0
31,59,1,12,66,40,32,36	0
31,59,1,43,93,12,25	0
31,59,1,6,61,79,32	0
31,59,1,8,61,18,75,34,25,20	0
31,59,1,9,12,61,36	0
31,59,12,39,98,52,3	0
31,59,12,8,15,52,47,36	0
31,59,30,1,43,12,8,66,52	0
31,59,30,12,8,15,27,6,61,10,79,66,18,34,20	0
31,59,30,5,12,8,6,18,32,36	0
31,59,30,5,43,12,15,18,40,35,26,36	0
31,59,43,93,8,32,26	0
31,59,5,43,12,8,27,39,6	0
31,59,5,8,61,79,3,36	0
31,59,5,9,12,61,24	0
31,59,5,9,12,8,61,10,91	0
31,59,6,106,34,25,32,35,53	0
31,59,9,12,69,91,40,34,32	0
31,59,9,12,8,18,24,40,47,26	0
31,59,9,43,12,8,39,6,10,18,52,32	0
31,59,9,43,12,8,40,53	0
31,6,40,3,32,20,14	0
31,63,12,39,52,3,25,32	0
31,63,12,8,39,61,24,47,26	0
31,63,6,10,18,25,32	0
31,71,1,5,9,43,94,12,8,6,61,66,24,20	0
31,71,12,18,24,20,14	0
31,71,30,12,8,6,66,40,32,20	0
31,71,33,59,43,12,10,18,25,53	0
31,71,33,8,15,79,24,40,32,35,26	0
31,71,43,93,8,6,18,24,52,3	0
31,71,5,12,8,24,35,53	0
31,71,5,9,12,79,66,3,32	0
31,71,5,9,43,12,8,15,27,6,61,106,98,10,91,66,24,34,35,20,47	0
31,71,5,9,63,12,8,6,98,91,52	0
31,71,8,15,6,98,69,66,58	0
31,71,8,6,18,40,34,32,35,58	0
31,71,9,106,98,10,79,24,52,34,35	0
31,71,9,12,8,106,79,18,34	0
31,8,15,27,16,75,34,26	0
31,8,15,6,10,18,40	0
31,8,6,18,24,52,34,25,32,20	0
31,8,6,66,52,3,35,53	0
31,8,61,66,3,25,58	0
31,8,66,18,52,3,25	0
31,8,69,18,52,3,36	0
31,8,91,66,24,40,20,26	0
31,9,12,6,18,24,40,32,47	0
31,9,12,8,15,40,32,14	0
31,9,12,8,15,6,35,53	0
31,9,43,12,8,106,10,79,34,35,14,47,26,53	0
31,9,43,12,8,39,32	0
31,9,43,27,6,24,40,47	0
31,9,8,6,10,79,91,52,40,25,32,35	0
31,9,93,52,32,35,26,53	0
31,9,93,8,27,6,40	0
31,93,106,24,40,26,36,53	0
31,93,12,8,27,18,36	0
31,93,94,12,6,61,35	0
31,94,6,79,3,25,32	0
33,1,12,15,6,66,18	0
33,1,12,8,6,79,24,58	0
33,1,15,3,25,32,35,36	0
33,1,27,6,66,18,25,47,26,53	0
33,1,43,12,10,66,14	0
33,1,43,12,16,32,35,36,53	0
33,1,43,12,52,40,58	0
33,1,43,12,66,25,32	0
33,1,43,12,8,6,69,79,40,16,3,34,25,35,58	0
33,1,43,15,66,52,3,53	0
33,1,5,12,8,61,18,40	0
33,1,5,43,12,15,75	0
33,1,5,63,12,8,6,66,75,35	0
33,1,5,9,12,6,18,58,36	0
33,1,5,93,8,6,61,18,40,3,32	0
33,1,63,12,15,6,61,18	0
33,1,8,15,39,6,106,79,66,18,35	0
33,12,15,6,18,24,16,35,26,53	0
33,12,61,98,79,91,35,14	0
33,12,8,27,18,34,32,58	0
33,12,8,6,79,18,75,20,14	0
33,12,8,66,75,3,34,20	0
33,12,8,75,25,58,36	0
33,30,1,5,9,43,12,8,18	0
33,30,1,8,10,66,18,58,53	0
33,30,43,12,8,61,32	0
33,30,43,52,3,25,32	0
33,30,43,8,27,6,69,10,66,58	0
33,30,43,8,27,61,75,34	0
33,30,5,12,106,25,36	0
33,30,5,43,93,12,25,35,58	0
33,30,5,9,43,12,8,66,40,32	0
33,30,61,106,91,18,24,53	0
33,30,8,27,52,40,25,32,47,58	0
33,30,9,12,8,61,91,66	0
33,30,9,63,43,8,15,6,61,10,40,25,35	0
33,43,12,8,15,27,18,24,52,75,14	0
33,43,12,8,15,6,66,40,16	0
33,43,12,8,6,98,10,75,3,53	0
33,43,12,8,61,18,58	0
33,43,12,8,79,18,3,32	0
33,43,12,8,79,66,52	0
33,43,8,15,6,26,58,36	0
33,43,93,12,8,15,27,39,79,66,75	0
33,43,93,12,8,15,6,69,16,34	0
33,43,94,12,8,27,66,3,36	0
33,5,12,8,106,79,26	0
33,5,18,40,25,26,36	0
33,5,43,12,8,6,40,36	0
33,5,8,106,66,24,40,32,14,47,58,53	0
33,5,8,40,32,14,47,26	0
33,5,9,12,6,106,66,35	0
33,5,9,12,6,40,20	0
33,5,9,12,66,18,25,36	0
33,5,9,12,8,61,79	0
33,5,9,43,12,15,18,3,34,14	0
33,5,9,43,12,18,32	0
33,5,9,43,12,8,15,6,61,69,79,66,24,16,25,35,14,58	0
33,5,9,43,94,12,6,61,52,53	0
33,5,93,12,39,6,98,69,18,40,26,58	0
33,59,1,43,94,12,8,15,66,18,25,20	0
33,59,1,93,12,6,66,18,3,25,53	0
33,59,12,8,15,27,3,47	0
33,59,12,8,61,66,18,25,32,35,20	0
33,59,30,1,12,8,40,58	0
33,59,30,12,8,15,61,106,10,79,40,34,32,14,47	0
33,59,30,15,66,18,52,40,32,26	0
33,59,30,63,12,8,15,6,3,47	0
33,59,30,8,27,106,18	0
33,59,43,93,15,69,25,20	0
33,59,5,61,75,32,53	0
33,59,63,12,66,18,40,32	0
33,59,79,91,18,32,14	0
33,59,8,79,52,20,36	0
33,59,9,12,8,18,3,32,20,47,26	0
33,59,9,12,8,39,79,18,16,34	0
33,59,9,43,12,8,52,32,35,53	0
33,63,8,6,18,25,35,20,26,58	0
33,63,8,6,98,25,35	0
33,8,27,61,79,18,24,52,3,32,14	0
33,8,6,10,18,40,25,32	0
33,9,12,15,106,79,14	0
33,9,12,8,6,61,18,32,47	0
33,9,43,94,8,79,66	0
33,9,8,18,52,40,3,25,36	0
33,9,93,12,8,15,6,61,24,14,26	0
33,94,12,15,52,40,3	0
33,94,12,8,6,66,18	0
39,6,10,18,25,32,36	0
43,10,24,25,32,35,20	0
43,12,15,27,61,69,18,25,14	0
43,12,15,69,66,18,35	0
43,12,6,18,25,26,58	0
43,12,6,61,18,32,58	0
43,12,6,61,69,66,14,53	0
43,12,66,34,25,32,20,47	0
43,12,8,15,61,106,18,24,3	0
43,12,8,15,79,34,25,35	0
43,12,8,15,91,16,25,35,14,26	0
43,12,8,18,40,25,32,47	0
43,12,8,27,10,66,58	0
43,12,8,6,106,79,35,20	0
43,12,8,6,61,14,53	0
43,12,8,6,69,79,18	0
43,12,8,61,69,79,36	0
43,12,8,66,52,75,32,14,53	0
43,27,61,40,32,35,36	0
43,6,61,66,18,32,20	0
43,6,61,69,10,32,35,53	0
43,79,18,52,3,32,35,36	0
43,8,15,6,61,106,10,66,52,35,58	0
43,8,15,66,75,34,53	0
43,8,6,66,18,14,58	0
43,8,61,91,75,47,58,53	0
43,8,69,66,16,35,58,53	0
43,8,79,66,18,75,3,35	0
43,93,12,6,91,32,58	0
43,93,12,8,15,6,106,66,16,25,32	0
43,93,12,8,27,6,47	0
43,93,12,8,61,79,18,32	0
43,93,12,8,61,91,18,24,40	0
43,93,12,8,79,91,25,58	0
43,93,8,27,6,61,106,10,18,47	0
43,94,12,8,18,32,53	0
43,94,12,8,27,10,14,47,53	0
43,94,12,8,39,61,53	0
43,94,12,8,6,18,3,35	0
43,94,12,8,6,61,79,35,14,53	0
43,94,8,15,27,18,32,26	0
43,94,8,39,10,47,58,36	0
5,12,15,27,69,66,18	0
5,12,15,61,35,26,53	0
5,12,27,66,52,3,35	0
5,12,27,98,24,32,35	0
5,12,39,34,35,20,26	0
5,12,40,14,47,26,53	0
5,12,6,66,18,40,75,3,25,32,47	0
5,12,61,69,10,32,14	0
5,12,61,79,75,3,35	0
5,12,79,24,40,34,32,53	0
5,12,8,15,27,6,61,66,40,3,25,20,58	0
5,12,8,15,6,10,52	0
5,12,8,15,6,106,66	0
5,12,8,15,6,61,69,24,32,20	0
5,12,8,27,39,6,61,10,18,40	0
5,12,8,27,6,79,18,32,47	0
5,12,8,6,10,66,34,35,58	0
5,12,8,6,106,69,79,40,35	0
5,12,8,6,18,14,26,36	0
5,12,8,6,61,79,25,32,14	0
5,12,8,91,24,32,36,53	0
5,12,8,98,32,20,58	0
5,12,8,98,52,40,32,58,36,53	0
5,15,6,106,25,58,53	0
5,27,6,18,52,25,20	0
5,39,25,35,58,36,53	0
5,39,52,34,25,32,35,20,53	0
5,39,66,18,25,32,35	0
5,43,12,15,6,66,3,25,32,36	0
5,43,12,15,61,69,35,58	0
5,43,12,15,98,79,18,35,36,53	0
5,43,12,25,32,20,26	0
5,43,12,27,6,61,10,3,25,36	0
5,43,12,6,10,18,32,53	0
5,43,12,6,61,10,18	0
5,43,12,6,61,18,3,32,36	0
5,43,12,66,24,52,32,35	0
5,43,12,8,10,91,24,32,58,53	0
5,43,12,8,15,61,91,18	0
5,43,12,8,6,106,66,18,3,25	0
5,43,12,8,6,16,75	0
5,43,8,15,6,61,98,69,58	0
5,43,8,27,39,6,25	0
5,43,8,27,6,79,66	0
5,43,8,27,66,52,35	0
5,43,8,6,10,18,25,32	0
5,43,8,6,18,47,58,36	0
5,43,8,6,61,18,3,34,25	0
5,43,8,6,61,66,18,3,25	0
5,43,8,6,66,52,40,34,32,47	0
5,43,93,12,27,61,24,25,32	0
5,43,93,12,8,15,6,61,98,69,91,66,24,16,75,3,25,35,14,26	0
5,6,10,18,40,3,47	0
5,6,69,91,18,25,53	0
5,6,98,10,18,52,35	0
5,6,98,52,3,25,32,36	0
5,63,12,8,15,6,61,40,25,35	0
5,63,12,8,52,40,35,14	0
5,63,43,12,15,61,75,14	0
5,63,6,79,18,34,32	0
5,63,8,40,32,47,53	0
5,63,91,52,25,32,53	0
5,63,93,12,6,66,75,47	0
5,8,10,66,18,24,3,25,20,58	0
5,8,18,3,35,14,36	0
5,8,24,3,35,58,53	0
5,8,27,6,106,79,66,18,40,3,25,53	0
5,8,27,6,61,106,66,58	0
5,8,27,6,98,91,40,32	0
5,8,39,35,14,26,36	0
5,8,6,61,18,25,20	0
5,8,6,61,91,18,47,36	0
5,8,6,69,10,52,25,32,35	0
5,8,61,98,66,18,3,25,35	0
5,9,12,27,40,32,47	0
5,9,12,39,6,61,3,34,47	0
5,9,12,79,52,40,32,35	0
5,9,18,40,25,35,36	0
5,9,43,12,27,39,6,16,3	0
5,9,43,12,61,98,40,53	0
5,9,43,12,8,27,6,25,36	0
5,9,43,12,8,39,6,10,24,20,47	0
5,9,43,12,8,6,47	0
5,9,43,12,8,66,52,20	0
5,9,43,27,6,3,34,25,36	0
5,9,43,32,47,36,53	0
5,9,43,6,61,10,25,36	0
5,9,43,8,6,18,53	0
5,9,43,8,6,66,24,32	0
5,9,43,93,12,8,61,35,53	0
5,9,43,94,12,8,39,6,18,75,25,35	0
5,9,6,91,18,25,32,36	0
5,9,63,18,40,32,14,58	0
5,9,63,43,94,6,53	0
5,9,63,8,27,61,79	0
5,9,8,10,18,25,47,58	0
5,9,8,10,79,25,53	0
5,9,8,27,6,52,40	0
5,9,8,27,6,61,14,58	0
5,9,8,27,6,79,91,24,20	0
5,9,8,6,66,40,3,58,53	0
5,9,8,6,91,18,32	0
5,9,8,69,91,24,36	0
5,9,93,12,8,66,34,32,58	0
5,93,12,8,32,35,26,36	0
5,94,12,8,27,36,53	0
51,1,12,6,61,69,24,25	0
51,1,12,6,61,91,25,53	0
51,1,12,6,69,40,32	0
51,1,12,6,91,24,35,14,26	0
51,1,12,61,79,3,20	0
51,1,12,8,15,27,61,18,40,32,36	0
51,1,12,8,15,61,52,25,20,47	0
51,1,12,8,6,61,10,79,66,40,3,26,58	0
51,1,12,8,61,98,10,66,18,40,34	0
51,1,15,6,52,3,35,36	0
51,1,15,66,18,3,32	0
51,1,43,12,18,32,35,20	0
51,1,43,12,8,18,52,25	0
51,1,43,93,27,6,61,20	0
51,1,5,12,27,40,32,26	0
51,1,5,12,8,15,61,69,66	0
51,1,5,12,8,6,18,25,32,26,36	0
51,1,5,27,3,32,58	0
51,1,5,43,12,75,32,35,20,58	0
51,1,5,43,12,8,6,61,18,40,36	0
51,1,5,43,39,52,53	0
51,1,5,63,12,15,27,39,6,52,35,47,53	0
51,1,5,9,12,15,40,26	0
51,1,5,9,12,8,15,40,25,14,26,58	0
51,1,5,9,43,93,94,12,8,27,6,61,106,10,79,52,40,3	0
51,1,5,9,6,40,25,14	0
51,1,5,9,63,25,32,20	0
51,1,6,40,32,58,36	0
51,1,6,61,66,18,36	0
51,1,6,69,91,32,35,58,36	0
51,1,63,27,18,52,20	0
51,1,8,10,79,18,40,35	0
51,1,8,40,25,32,20	0
51,1,8,6,18,25,32,58	0
51,1,9,43,12,8,6,61,79,40,32,35	0
51,1,9,43,94,12,27,6,106,53	0
51,1,9,6,98,34,25,32	0
51,1,9,8,10,66,40,34,35,26	0
51,1,9,8,27,66,3,36	0
51,1,9,8,66,52,3	0
51,1,93,12,8,98,10,36	0
51,12,15,27,61,69,35	0
51,12,18,52,3,34,25,53	0
51,12,27,6,106,52,35	0
51,12,27,6,61,79,18	0
51,12,27,98,66,18,40,25,32,36,53	0
51,12,6,10,79,18,52,40	0
51,12,6,18,25,32,53	0
51,12,6,61,66,25,32,20,36,53	0
51,12,6,69,25,35,53	0
51,12,6,98,52,34,35,58,36	0
51,12,61,66,18,25,36	0
51,12,8,15,14,47,26	0
51,12,8,27,69,32,36	0
51,12,8,39,6,61,52,25,32,14	0
51,12,8,6,18,32,20,26,36	0
51,12,8,6,79,16,35,20	0
51,12,8,61,66,40,25,32	0
51,12,8,66,18,24,25,32,26,53	0
51,12,8,69,91,52,40,53	0
51,27,6,10,52,40,58	0
51,27,6,61,10,79,35,58,53	0
51,30,1,12,8,39,61,69,18	0
51,30,1,5,43,12,8,75,26,36	0
51,30,1,5,43,8,24,52,35,20	0
51,30,1,6,52,3,32,14,58	0
51,30,1,93,12,8,52,32	0
51,30,12,66,3,34,53	0
51,30,12,8,15,66,20	0
51,30,43,12,24,40,32,53	0
51,30,43,12,27,32,47	0
51,30,43,12,8,15,98,18,24,52,40,32,35,26,58,36	0
51,30,43,66,18,16,58	0
51,30,43,8,15,27,6,10,18,3	0
51,30,5,12,15,6,98,36	0
51,30,5,43,12,8,52,36	0
51,30,5,9,43,12,8	0
51,30,5,93,79,66,24,34	0
51,30,6,106,10,66,18,40	0
51,30,9,43,94,12,6,18	0
51,30,9,63,43,12,8,27,39,6,98,10,91,24,40	0
51,30,9,8,10,24,52	0
51,33,1,9,43,12,8,6,61,66,24,32,53	0
51,33,1,9,6,79,66,18,40,14,47,36	0
51,33,12,106,79,32,53	0
51,33,12,8,39,61,24	0
51,33,12,8,6,10,52,32	0
51,33,12,8,6,18,32,58,53	0
51,33,12,8,61,66,18	0
51,33,12,8,61,69,91,18	0
51,33,30,1,43,94,8,15,66,14,47	0
51,33,30,1,5,43,93,94,12,8,15,27,6,91,66	0
51,33,30,1,63,43,8,15,61,26,58	0
51,33,30,12,15,61,106,91,52,75	0
51,33,30,43,12,27,6,10,36	0
51,33,30,9,43,93,6,106,3,25,32	0
51,33,43,12,39,18,25,35,36	0
51,33,43,12,6,61,18,40	0
51,33,5,43,93,8,15,6,69,66,14,36	0
51,33,5,93,12,61,10,40,25,32,47,53	0
51,33,5,94,12,24,32	0
51,33,59,1,43,27,6,61,79	0
51,33,59,12,8,15,6,3,35,20	0
51,33,59,12,98,52,36,53	0
51,33,59,30,1,5,8,91,66,52,32,26	0
51,33,59,30,43,12,6,26	0
51,33,59,43,12,8,18,35	0
51,33,63,8,10,66,32,26,53	0
51,33,8,15,61,32,35,26	0
51,33,8,79,18,16,3,34	0
51,33,9,12,6,79,91,52,32	0
51,33,9,12,8,39,66	0
51,33,9,63,43,93,12,8,15,61,18,3,25	0
51,33,9,8,61,66,18,24,32,35,14,47	0
51,33,93,12,15,6,69,79,66,24,25,32,35,20,47,26	0
51,33,94,12,8,61,98,66,18,52,3,32,47	0
51,43,12,6,61,98,66,24,40,25,35	0
51,43,12,79,18,24,20	0
51,43,12,8,15,61,34,25,32,35,14,58	0
51,43,12,8,27,6,69,24	0
51,43,12,8,32,47,53	0
51,43,12,8,39,6,40,47	0
51,43,12,8,6,52,35	0
51,43,12,98,69,75,26,58,36	0
51,43,27,6,61,98,66,75,32,36	0
51,43,8,18,52,3,32,14	0
51,43,8,39,6,18,40	0
51,43,93,12,8,39,98,79,18	0
51,43,93,94,12,69,10,79,18,25,32,20	0
51,5,12,15,39,61,24,32,35	0
51,5,12,15,98,66,18,52,58	0
51,5,12,8,27,18,3,34,26	0
51,5,12,8,6,18,25,32,20,36	0
51,5,12,8,79,18,24,52,75,34	0
51,5,15,6,18,40,25,32,36	0
51,5,18,3,25,20,53	0
51,5,27,6,25,14,53	0
51,5,43,12,27,6,98,10,79,66,25	0
51,5,43,12,69,35,14,47	0
51,5,43,12,8,79,66,3,34,25,36	0
51,5,43,8,66,18,3,32,35	0
51,5,43,93,12,8,24	0
51,5,6,91,25,32,20,47	0
51,5,63,12,40,32,58,53	0
51,5,63,12,8,27,6,25,14,26	0
51,5,63,12,91,66,24,36	0
51,5,8,15,40,32,35,14	0
51,5,8,27,39,61,18	0
51,5,8,39,6,106,98,24,32,14,26,58,36,53	0
51,5,8,39,6,24,32,35,53	0
51,5,8,6,61,24,25	0
51,5,8,79,66,18,24,16,32,58,53	0
51,5,8,98,18,75,32	0
51,5,9,12,15,27,39,6,61,106,79,18,24,52,40,35,47,26,53	0
51,5,9,12,8,15,27,61,53	0
51,5,9,12,8,27,6,61,10,52	0
51,5,9,12,98,69,18,52,40,58	0
51,5,9,43,61,40,20	0
51,5,9,43,8,6,18,40,75,53	0
51,5,9,8,106,24,40,75,32,14,47,26,58	0
51,5,9,8,79,91,24,25,35,14,36	0
51,5,93,12,15,6,24,52,3	0
51,5,93,12,39,18,25	0
51,59,1,12,8,106,66,18,34,26	0
51,59,1,27,52,34,32,35	0
51,59,1,43,12,27,106,69,10,16,75,35,26	0
51,59,1,5,9,43,8,15,27,6,98,69,79,52,3,32,35,26,58	0
51,59,12,8,18,52,3	0
51,59,30,43,15,6,18,52,40,75	0
51,59,30,43,8,15,18,25,36	0
51,59,30,43,8,15,26,53	0
51,59,30,5,12,8,39,61,25,58	0
51,59,30,5,43,93,12,98,25,32,47,58,36	0
51,59,30,5,63,12,8,66,32,26	0
51,59,30,63,43,12,18,58	0
51,59,30,9,63,12,8,15,27,6,40,25,58	0
51,59,43,12,8,15,6,61,98,34	0
51,59,43,8,27,79,52,34,32,35,26,58	0
51,59,5,12,6,79,18,25	0
51,59,5,12,8,6,61,10,24,14	0
51,59,5,43,12,8,27,18,32	0
51,59,5,43,94,8,27,6,61,36	0
51,59,5,9,8,6,98,79,24,25,35,14	0
51,59,63,8,18,40,32	0
51,59,8,15,61,79,24,52,40	0
51,59,8,6,18,52,58,53	0
51,63,12,6,106,66,18,3,32,26	0
51,63,12,8,27,6,106,79,14	0
51,63,15,27,6,61,98,18,40,26	0
51,63,61,66,75,58,36	0
51,71,1,12,15,69,66,18,52,3,32	0
51,71,1,43,12,8,106,79,75,3,32,35,20,26	0
51,71,1,5,8,61,98,40,34	0
51,71,1,63,39,91,66,25,32,35,47	0
51,71,106,69,32,14,26	0
51,71,12,18,32,20,26	0
51,71,12,8,27,10,40	0
51,71,30,1,6,18,26	0
51,71,33,12,8,15,61,10	0
51,71,33,5,12,8,15,6,10,79,66,18,52,36	0
51,71,43,12,106,98,20,14	0
51,71,43,12,8,6,18,40,3,25,53	0
51,71,5,8,15,18,16,3,35,20,26,58	0
51,71,5,8,6,18,14,58,36	0
51,71,5,9,12,8,27,24,35	0
51,71,59,1,8,15,6,61,98,69,10,91,52	0
51,71,59,12,8,61,35,14	0
51,71,59,30,5,9,12,27,6,98,25,47,26	0
51,71,59,5,9,63,12,8,15,61,91,66,40,32	0
51,71,63,12,91,18,47,26	0
51,71,8,18,35,26,53	0
51,71,9,6,106,98,18,24,52,40,32,36,53	0
51,71,9,8,27,39,6,98	0
51,71,9,8,39,6,69,18,40,3,53	0
51,71,9,93,12,69,24,25,53	0
51,8,15,66,24,3,53	0
51,8,6,35,20,58,53	0
51,8,6,40,25,32,20	0
51,8,6,69,66,52,47,26,36	0
51,8,61,24,35,14,47	0
51,8,66,34,58,36,53	0
51,8,79,66,52,40,3,32,20	0
51,8,79,91,66,18,35	0
51,9,12,6,18,52,25,32,35,36	0
51,9,12,6,69,66,18,25,36	0
51,9,12,8,15,39,6,61,69,75,14,26	0
51,9,12,8,69,18,58	0
51,9,27,6,79,24,32,35	0
51,9,43,10,24,52,3,25,32,47,53	0
51,9,43,12,8,6,40,32,58,53	0
51,9,43,8,15,66,52,35,14,26	0
51,9,43,8,18,3,25	0
51,9,43,8,6,25,35	0
51,9,43,93,8,15,106,10,66,75,20,26	0
51,9,8,24,75,34,25,32,20	0
51,9,8,27,39,6,61,106,98,66,18,34,14	0
51,9,8,27,6,98,18,25	0
51,9,8,6,98,10,40,32,53	0
51,9,8,98,79,91,58,53	0
51,93,12,106,69,10,91,66,18,53	0
51,98,18,52,35,47,53	0
59,1,12,8,15,61,3,34,36	0
59,1,12,8,61,66,35	0
59,1,15,6,61,69,79,24,35,53	0
59,1,43,12,8,15,32,36	0
59,1,43,8,6,3,26	0
59,1,5,43,12,8,27,6,79,52,75,35	0
59,1,5,63,43,10,25,35,20	0
59,1,5,8,79,66,58	0
59,1,9,43,12,39,98,35,26,53	0
59,1,9,43,12,8,15,27,6,61,10,79,91,32,35	0
59,1,9,43,8,18,75,20	0
59,1,9,91,47,26,53	0
59,12,27,61,52,75,34	0
59,12,6,24,20,58,53	0
59,12,61,18,52,40,34	0
59,12,61,79,35,58,36,53	0
59,12,8,15,61,69,58	0
59,12,8,52,3,25,20	0
59,12,8,6,18,34,25,32	0
59,15,27,79,3,34,58,36	0
59,30,1,43,12,8,18,75,47	0
59,30,1,43,12,8,6,10,75,53	0
59,30,1,43,94,12,25,20	0
59,30,1,9,43,93,12,8,15,25,47,36,53	0
59,30,12,69,10,18,52,58	0
59,30,12,8,6,3,35	0
59,30,12,8,79,18,3,53	0
59,30,15,61,91,18,40,47,26,53	0
59,30,43,12,66,36,53	0
59,30,43,12,8,66,16,34,35,20,36	0
59,30,43,12,8,79,16,32	0
59,30,43,94,15,6,24,52,25,20	0
59,30,5,43,12,8,6,61,79,18,3,34,25,20,47	0
59,30,5,43,93,12,8,15,39,6,18,75,35,47	0
59,30,63,43,12,6,36	0
59,30,8,75,32,26,58,36	0
59,30,9,43,8,16,36	0
59,30,93,6,18,3,34,36	0
59,30,94,12,106,79,18,16	0
59,43,12,18,40,25,32,26,58,36	0
59,43,12,6,10,18,24,32,58	0
59,43,12,8,10,25,20	0
59,43,12,8,10,75,26,58	0
59,43,12,8,15,61,66,18,24,40,32,47,58	0
59,43,12,8,39,6,61,18,47,36	0
59,43,12,8,61,66,40	0
59,43,8,27,61,18,24,32	0
59,43,8,61,52,3,34,25	0
59,43,93,12,8,15,79,66,18,20,58	0
59,43,93,12,8,58,53	0
59,43,94,12,8,66,3,35	0
59,43,98,79,25,35,58,53	0
59,5,12,6,16,25,32,35	0
59,5,43,3,32,20,47	0
59,5,43,61,79,75,25	0
59,5,43,93,12,8,15,61,106,98,32,36	0
59,5,43,94,8,15,66,18,25,26	0
59,5,63,12,8,79,26	0
59,5,63,43,12,8,15,6,18	0
59,5,63,69,32,58,53	0
59,5,63,93,12,8,6,79,25	0
59,5,69,3,32,20,58	0
59,5,8,15,6,79,91,35,26,36	0
59,5,8,27,18,25,32	0
59,5,8,27,6,69,91,66,35	0
59,5,8,27,91,66,3,32,20	0
59,5,9,12,61,24,20	0
59,5,9,12,61,26,53	0
59,5,9,12,91,3,36	0
59,5,9,43,18,3,58	0
59,5,9,8,61,58,53	0
59,5,93,94,8,15,79,18,25	0
59,61,18,75,32,14,26	0
59,61,69,10,24,25,32,35	0
59,63,12,61,66,18,40,34,25	0
59,8,15,27,6,61,34	0
59,8,15,79,18,52,40	0
59,8,27,6,61,10,66,24,34,47,58	0
59,8,6,98,32,35,58	0
59,8,91,18,40,47,26,53	0
59,8,91,24,52,3,14,58	0
59,9,12,15,16,3,32,47,53	0
59,9,12,39,24,40,32,35	0
59,9,12,8,27,24,34,25,32	0
59,9,12,8,6,34,14	0
59,9,43,12,27,39,3,36	0
59,9,43,12,8,69,24,3,26	0
59,9,43,27,6,61,66,3	0
59,9,43,93,12,8,61,106,69,66,35	0
59,9,63,12,8,40,75,34,26	0
59,9,63,43,12,8,6,10,34,32,35	0
59,9,94,12,8,15,98,18,40,3	0
59,93,12,15,79,18,53	0
59,93,12,8,27,39,61,18,47,36	0
59,93,8,15,27,25,32,26,58	0
59,94,8,6,61,79,75	0
6,10,18,25,32,35,20,26,36	0
6,18,40,3,25,32,35	0
6,61,3,34,32,35,26,58,36	0
6,66,18,40,32,14,26,58	0
6,79,32,14,47,58,36	0
63,43,12,27,6,52,40	0
63,43,8,15,61,75,25,35	0
63,43,93,61,18,25,32,35,26,53	0
63,6,106,18,35,36,53	0
63,93,12,8,39,6,61,69,79,35,58	0
71,1,39,6,10,18,58	0
71,1,43,93,12,8,24,52,34,32,53	0
71,1,5,8,6,61,32	0
71,1,5,9,43,12,8,52	0
71,1,5,9,94,12,8,6,52,35	0
71,1,8,61,18,40,47	0
71,12,27,61,106,18,14	0
71,12,61,69,18,32,26	0
71,12,8,15,6,24,3	0
71,12,8,27,66,18,3	0
71,12,8,6,75,32,53	0
71,12,8,61,52,75,34	0
71,18,24,35,14,47,26	0
71,30,1,5,10,25,36	0
71,30,1,5,43,12,8,39,66,18,40,32,14,26,58,36	0
71,30,12,8,66,75,34,25	0
71,30,5,8,27,6,18	0
71,30,5,9,12,8,6,61,106,18,32,14,26	0
71,30,63,6,61,66,24,40,25,35,26,36,53	0
71,33,1,12,8,6,61,20,26	0
71,33,1,5,43,12,8,6,61,106,98,18,40,75,35	0
71,33,1,5,6,61,66	0
71,33,1,9,94,12,15,58	0
71,33,1,93,8,27,6,79,18,3,32	0
71,33,30,93,8,15,66,40,34	0
71,33,43,93,12,6,61,98,79,91,36	0
71,33,59,43,8,61,18,34,32,47,26,58	0
71,43,12,52,3,25,35	0
71,43,12,8,27,6,79,91,18	0
71,43,8,15,61,69,18	0
71,43,8,27,6,91,66,24,34	0
71,43,8,61,52,40,20,58	0
71,43,93,12,8,61,106,98,69,10,66,58	0
71,43,93,8,66,18,52,40,36	0
71,43,94,8,27,6,69,18	0
71,5,12,8,24,52,35,20	0
71,5,12,8,6,18,3,53	0
71,5,15,10,66,24,40,35,26,53	0
71,5,15,6,24,32,35	0
71,5,43,12,8,15,6,79,24	0
71,5,63,93,12,6,61,106,98,79,24,40,75,25,35	0
71,5,8,15,91,40,32,47,53	0
71,5,8,39,52,40,75,26	0
71,5,8,39,6,69,24,35,58	0
71,5,9,12,6,24,75,3,32,58	0
71,5,9,12,8,6,61,34,35,47,58	0
71,5,9,12,8,79,52,32,53	0
71,5,9,12,98,66,24,35	0
71,5,9,43,66,58,36	0
71,5,9,63,12,27,6,18,3,58	0
71,5,9,93,12,8,15,27,6,98,3,20	0
71,59,1,5,43,12,6,35,14	0
71,59,1,9,43,12,39,98,79,75,3	0
71,59,43,75,32,20,36	0
71,59,69,66,18,40,34	0
71,59,8,6,69,18,24,52,40,26,58,36,53	0
71,59,9,12,8,15,27,39,61,66,52	0
71,6,98,79,35,36,53	0
71,8,15,27,39,6,106,52,40,35,26,53	0
71,8,24,25,32,35,53	0
71,8,24,25,32,35,53	0
71,8,39,61,98,18,32,35	0
71,8,69,91,18,16,20	0
71,9,15,39,6,91,18,47,53	0
71,9,43,12,8,27,39,6,24,40,16,34,32,35,14,58	0
71,9,43,12,8,61,69,66,3	0
71,9,6,91,25,32,58	0
71,9,8,27,39,61,98,10,24,14,26	0
71,9,94,12,15,18,24,75,32	0
71,91,24,32,14,36,53	0
71,93,12,79,66,18,24,53	0
71,93,12,8,61,106,98,52	0
71,93,8,39,6,61,10,40,26	0
8,15,27,79,25,20,53	0
8,15,39,66,18,26,53	0
8,15,6,52,25,32,35,14,36	0
8,15,6,91,18,3,35,20	0
8,15,6,91,25,20,26	0
8,27,18,75,32,58,53	0
8,27,6,61,18,25,47,36	0
8,27,61,10,24,75,34,26	0
8,39,6,18,24,32,14,53	0
8,39,6,40,3,25,32	0
8,39,6,98,18,35,14,53	0
8,40,25,32,14,26,58	0
8,52,32,20,14,26,53	0
8,6,106,10,35,58,53	0
8,6,66,24,3,35,47	0
8,6,91,34,25,35,20	0
8,66,24,40,3,32,35,53	0
8,69,66,18,24,3,34,47	0
9,12,15,10,66,40,16,3	0
9,12,15,6,61,52,40,35	0
9,12,15,66,18,3,25	0
9,12,27,6,61,34,35	0
9,12,39,79,52,35,14	0
9,12,8,15,27,18,3,25,20,58	0
9,12,8,15,61,98,40,58	0
9,12,8,39,6,10,18,24,35,14,26,58	0
9,12,8,39,6,10,35	0
9,12,8,6,10,3,34,25	0
9,12,8,6,66,18,40,3	0
9,43,12,8,15,61,98,66	0
9,43,12,8,18,52,36	0
9,43,12,8,27,66,75,3,20,36	0
9,43,12,8,61,10,52	0
9,43,39,79,18,35,36	0
9,43,6,10,34,58,36	0
9,43,6,106,69,91,24,40,32,14	0
9,43,8,15,27,6,24,3	0
9,43,8,27,61,106,79,40	0
9,43,8,6,24,32,26	0
9,43,8,61,24,35,58	0
9,63,12,8,18,25,32	0
9,63,8,6,52,16,20,36	0
9,8,24,52,3,35,36	0
9,8,27,6,61,18,75,3,36	0
9,8,27,6,91,40,35,20,14,36	0
9,8,39,10,66,18,52	0
9,8,6,106,98,10,3,25,35	0
9,8,6,61,10,18,47,26,36	0
9,8,66,3,32,26,58	0
9,93,12,8,15,106,66,24,3,25,35,26	0
9,93,8,6,79,18,3,20	0
9,94,12,8,27,61,58,53	0
93,12,8,15,39,61,18,20,14,58,36	0
93,12,8,27,6,52,16,3,58	0
93,12,8,6,66,40,53	0
93,12,8,6,79,25,35,20	0
93,6,66,18,52,40,25,32,35,14,26,58	0
93,8,27,6,69,66,25	0
93,8,66,18,3,25,36	0
94,12,8,15,24,3,53	0
94,12,98,10,75,3,35,20	0
94,8,39,6,10,79,18,3,36	0
94,8,6,69,66,3,34	0
94,8,98,18,40,25,47	0
