10,66,130,160,88,41	
102,126,135,66,28,20,88,49,16	
102,129,163,62,69,2,55,29,24,30,99,114	
102,129,33,8,62,156,155,78,73,124,164	
102,129,53,163,156,55,118,124,160,88,41,93	
102,129,69,28,7,94	
102,129,75,135,62,156,9,2,24,118,116,160,115,131	
102,129,75,37,140,69,155,93	
102,129,75,69,156,2,55,71,41,49	
102,129,75,85,135,163,69,156,2,55,17,10,29,118,73,153,143,111	
102,129,75,85,2,55,78	
102,135,163,156,55,31,73,71,93	
102,135,62,156,44,2,55,146,1,73,153,41,105	
102,138,146,164,130,93	
102,140,69,9,2,146	
102,155,2,66,99,78,150,111	
102,156,155,9,162,44,2,10,31,73,111,41,16	
102,156,162,118,150,88	
102,156,162,28,130,160,111,41	
102,156,162,28,78,7,96,164,105	
102,156,28,7,153,130,160,111,16	
102,156,29,31,96,71,16	
102,156,66,116,164,111	
102,156,66,30,118,159,145,112,46,71	
102,156,78,73,143,112	
102,162,30,117,7,160,20,101,105,114,16	
102,163,140,156,9,2,66,118,94	
102,163,155,138,118,149,124,164,160	
102,163,156,155,55,66,118	
102,163,156,9,2,30,78,7,14,149,124	
102,163,62,140,146,49	
102,163,62,156,78,118,31,73,114	
102,163,62,69,156,55,10,29,66,146,82,78,93	
102,163,69,162,31,149,116,130,111	
102,165,129,85,135,10,82,20	
102,165,135,69,156,155,2,28,82,7,116,101	
102,165,156,162,44,55,29,118,160,111	
102,165,163,69,156,9,2,24,30,100,118,150,131,94	
102,165,85,37,69,2,138,28,7,153,143,116,96,164,160,93	
102,2,138,29,24,117,153,111,114,16	
102,2,73,164,88,41	
102,28,118,7,111,70,20,88,41,101	
102,29,7,46,150,16	
102,33,8,69,156,49	
102,33,85,156,155,30,73,153,61,160,88,115,16	
102,37,140,69,155,118,7,143,160	
102,37,156,9,162,44,55,29,146,7,164,20,41	
102,37,163,69,156,55,66,78,116	
102,37,163,69,156,9,162,44,2,1,7,73,159,124,164,160,111,122,20,93	
102,37,163,69,2,118,112	
102,37,2,30,130,160,93	
102,37,69,146,73,71	
102,37,78,73,153,61,114	
102,53,135,163,143,160,71,122,114	
102,53,156,2,66,118,7,31,73,41,93,114,16	
102,53,156,73,14,160,71	
102,53,64,37,69,156,155,9,162,44,55,78,31,105	
102,53,66,78,118,73,124,122	
102,53,69,156,24,118	
102,53,75,37,163,69,44,17,29,24,100,143,116,46	
102,53,75,85,163,69,2,100,111,20	
102,62,55,66,71,105,16	
102,62,69,156,55,10,29,31,46,122,68	
102,64,156,2,78,7,41	
102,64,156,28,118,73,111,122	
102,64,156,28,7,130,160,111,122,101,94,16	
102,64,37,155,44,2,30,118,153,149,88,16	
102,64,62,69,28,24,78,118,7,16	
102,64,69,156,9,1,78,118,116	
102,64,75,163,62,69,156,7,31,124,160,68,16	
102,69,155,55,124,160	
102,69,156,155,2,14,143	
102,69,156,162,2,149,143,164,160,16	
102,69,156,55,31,143,124,105	
102,69,156,78,150,122,105,16	
102,69,2,78,153,114	
102,69,28,118,7,31,116	
102,69,30,149,96,160,150,131	
102,69,55,66,118,160,150,41,131	
102,69,9,55,10,118,20	
102,7,73,61,130,160,131,16	
102,75,156,162,30,164,16	
102,75,156,55,118,73,88,105	
102,75,163,55,70,93	
102,75,44,2,146,118,93,49	
102,75,85,156,2,55,160	
102,75,85,37,140,69,156,2,31,111	
102,75,85,37,163,69,156,31	
102,75,85,37,28,7,16	
102,78,31,130,93,114	
102,78,73,20,88,68,16	
102,8,126,2,55,78,7,73,130,111,122,41,114,16	
102,8,155,2,82,78,130,115,49	
102,8,156,55,146,99,130	
102,8,55,99,118,61	
102,8,69,156,78,143,124,130,49	
102,8,75,85,146,130,114	
102,8,75,85,163,69,156,44,78,118,73,96,160,20,41,101,131,93,114	
102,8,85,156,9,2,118,61	
102,8,85,37,69,156,162,2,55,10,118,160,20,41	
102,85,126,62,69,2,55,10,29,24,7,73,153,143,61,130,111,94	
102,85,146,28,7,131	
102,85,155,146,78,7,73,111,41,16	
102,85,155,2,28,7,160,111,101	
102,85,156,162,44,2,66,28,7,61,111,93	
102,85,156,162,44,31,73,143,115,41	
102,85,163,69,156,155,2,24,117,7,149,94,105	
102,85,17,66,88,41,101	
102,85,17,7,73,88,101	
102,85,37,126,135,69,9,162,2,118,116,94,93	
102,85,37,163,78,93,114	
102,85,37,62,69,156,155,9,2,29,116,71	
102,85,37,69,138,29,78,7,111	
102,85,37,69,156,2,55,99,124,112,111,122,88,105,93	
102,85,37,69,156,28,24,31,160,16	
102,85,69,156,2,118,14,116,105,16	
102,85,69,156,7,31,111,71	
102,85,7,73,88,101	
102,85,82,20,105,114	
102,9,162,17,138,146,31	
107,102,129,156,155,28,24,7,73,160,111,41,49	
107,102,129,53,163,69,162,146,118,61,130,16	
107,102,156,146,28,7,16	
107,102,156,155,2,29,66,78,112,93	
107,102,156,2,118,73,124,160,111,93	
107,102,162,2,28,7,73,160	
107,102,163,62,156,2,118,7,31,116	
107,102,165,37,135,138,10,29,146,24,100,7,31,124,111,101	
107,102,37,69,156,10,24,118,124,112	
107,102,69,28,118,7,164,71,20	
107,102,75,85,37,163,140,69,156,2,55,28,78,7,164,71	
107,102,8,135,69,156,2,78,73,160,71	
107,102,85,2,100,116,111	
107,102,85,37,126,69,156,2,29,30,100,31	
107,102,85,37,163,69,156,155,9,2,55,10,29,146,30,100,78,7,124,111,71,88	
107,102,85,37,69,24,78,116,160	
107,102,85,69,156,28,7,111,16	
107,118,31,164,130,160,70,41,16	
107,126,2,146,118,130,160	
107,126,69,44,138,31,116,130,160	
107,129,155,162,44,99,73,143,116,160,122,41,94,105,93,49	
107,129,163,69,156,162,44,2,55,29,66,73,153,14,149,46,114,16	
107,129,33,8,156,31,73,130	
107,129,53,126,163,69,156,78,31,145,114	
107,129,53,69,2,55,10,118,130,93	
107,129,53,75,163,156,2,31	
107,129,53,75,69,156,44,55,146,117,78,118,124,112	
107,129,53,75,85,37,163,140,69,156,44,17,29,24,149	
107,129,53,8,64,85,135,156,73,143,116,124,145,130,71,49	
107,129,53,85,163,69,2,138,1,31,73,14,164,111,122,20,41	
107,129,53,85,37,2,55,24,153,14,116,96,130,160,88,41,94,93	
107,129,64,37,69,156,155,9,55,117,73,159	
107,129,64,69,162,138,143,46,115	
107,129,69,156,9,14,149,122	
107,129,75,163,78,31,130,88,93	
107,129,8,64,85,69,155,9,44,2,55,138,24,73,14,116,164,111,122	
107,129,8,69,162,2,24,118,112,96	
107,129,8,75,85,163,69,9,162,55,10,146,24,30,78,7,153,143,160,111	
107,129,85,37,163,69,156,2,78,118,73,143,130,160,70,16	
107,135,69,156,10,78,118,31,73,16	
107,138,66,31,73,130,16	
107,140,2,138,1,24,116,130,160,122,94,49	
107,155,118,153,150,16	
107,156,116,130,160,94	
107,156,118,116,112,71	
107,156,138,66,1,118,31,116,114	
107,156,2,24,118,94	
107,156,2,24,164,130,71	
107,156,2,28,99,117,118,7,31,124,164,130,160,71,131	
107,156,2,78,31,116,111,70,16	
107,156,30,78,7,73,71,41	
107,156,31,115,101,16	
107,156,55,78,116,112,61,130,70,131,93	
107,156,7,116,71,94,49	
107,163,118,124,61,93	
107,163,118,73,71,16	
107,163,156,155,9,78,31,14,96	
107,163,156,24,164,160,20,93,114,16	
107,163,156,44,55,118,73,164,130	
107,163,44,118,153,130,150,16	
107,163,62,156,9,44,30,143,160,111,16	
107,163,62,69,155,78,149,70	
107,163,62,69,7,70	
107,163,69,156,55,29,30,117,14,124,164,16	
107,163,69,78,118,73,145,130	
107,165,129,37,163,62,55,78,16	
107,165,129,99,78,73,149,124,164,114	
107,165,135,163,155,55,24,78,118,143,112,71,88,93	
107,165,156,14,96,71,93,16	
107,165,156,155,2,146,118,73	
107,165,156,55,138,66,164,88,93	
107,165,163,62,69,156,2,138,118,143,164,114,16	
107,165,37,99,31,96,88,114	
107,165,44,78,31,124,96	
107,165,53,126,163,55,78	
107,165,53,163,62,156,17,1,160,41	
107,165,53,75,2,55,24,160	
107,165,53,8,135,69,156,78,164	
107,165,53,8,64,75,163,69,156,78,31,61	
107,165,64,135,156,155,149,164,111,93	
107,165,64,75,156,146,78,73,68	
107,165,75,37,31,96,164,114	
107,165,75,37,69,156,2,29,70	
107,165,8,69,24,7,73,145,96,61,160	
107,165,8,75,135,163,156,55,24,118,16	
107,165,85,135,69,156,55,78,116,150,70,122	
107,165,85,156,99,122,94	
107,165,85,62,143,112	
107,2,100,99,73,116,160,71,122,20,101,131	
107,2,138,24,164,160,111,16	
107,2,138,73,61,164,130	
107,28,78,7,31,160,105	
107,33,138,149,88,41,68	
107,33,163,69,2,118,73	
107,33,75,156,9,118,7,73,153,96,130,160,111,71,41,131	
107,33,85,126,163,69,156,24,30,73,96,160,150,122,115,41,94	
107,37,156,2,17,146,24,30,31,73,130,160,111	
107,37,163,69,156,10,146,24,124,164,111,20,88,41,16	
107,37,163,69,156,44,160	
107,37,163,69,9,44,145	
107,37,163,9,2,138,7,73,88	
107,37,62,156,9,2,73	
107,37,62,82,31,160,111,122,41,16	
107,37,69,156,155,2,111,16	
107,37,69,156,155,73,160,20	
107,37,69,2,118,7,73,164,160,88,105	
107,53,138,118,130,160	
107,53,140,69,155,118	
107,53,156,2,138,31	
107,53,162,138,116,93	
107,53,163,156,2,100,160	
107,53,2,10,124,130,160,111,16	
107,53,37,135,163,69,156,73,153,16	
107,53,37,163,69,156,44,2,146,118,31,160	
107,53,37,69,66,30,117,73,153,124,160,122,101,131	
107,53,64,37,69,156,118,7,73,88,41	
107,53,69,156,155,31,153,70,88,105,114	
107,53,69,31,96,164,114	
107,53,69,44,138,29,31,116	
107,53,75,156,55,118,143,124,145,130,71	
107,53,75,163,62,69,61,130	
107,53,75,37,69,55,138,122,114	
107,53,75,69,78,73,96,160,114	
107,53,8,64,69,156,155,9,2,55,146,24,78,118,124,71,105	
107,53,8,85,163,69,155,118,73,164,111,41,105,114	
107,53,8,85,69,156,2,118,153,96,160,114	
107,53,85,156,55,24,100,116,114	
107,53,85,162,96,122,16	
107,53,85,163,69,156,9,44,2,117	
107,53,85,37,69,156,162,55,146,30,61,122,115,101	
107,53,85,37,69,55,17,7	
107,55,118,130,160,71,101	
107,55,124,111,93,114	
107,62,10,7,73,41,114,16	
107,62,140,69,2,55,111	
107,62,155,28,118,164,71	
107,62,44,145,160,16	
107,64,126,69,156,44,55,1,7,122,88,41	
107,64,135,62,69,156,9,162,118,115,114	
107,64,138,1,118,73,160,16	
107,64,156,118,164,88,114	
107,64,156,155,9,14,159,143,124,122,41	
107,64,156,164,130,71,88,41	
107,64,156,78,118,31,116,130	
107,64,163,156,2,31,41	
107,64,163,69,156,9,29,28,30,99,78,130,111,71	
107,64,37,69,44,2,29,164,101	
107,64,85,163,78,94	
107,64,85,69,156,2,55,118,114	
107,69,118,7,160,41,94	
107,69,155,2,10,118,114	
107,69,156,124,160,71	
107,69,156,155,118,116,70,94	
107,69,156,2,146,118,73	
107,69,156,2,146,118,73,164	
107,69,156,9,100,78,116,71,70	
107,69,156,9,78,7,16	
107,69,2,118,73,116,124,88,41	
107,69,2,138,10,78,118	
107,69,2,17,66,118,160,70,16	
107,69,55,82,78,118,105,93	
107,75,126,118,73,111,41,131,16	
107,75,126,163,62,69,156,118,145,71,114	
107,75,135,156,2,78,88,115	
107,75,156,155,2,24,30,99,118	
107,75,156,2,29,82,73,111	
107,75,156,78,143,114	
107,75,37,162,44,24,30,78,7,31,73,160,122,20,93,16	
107,75,37,44,17,30,31,96,16	
107,75,44,138,118,16	
107,75,55,146,118,112,93	
107,75,62,69,156,118,124,160	
107,75,62,69,70,41	
107,75,62,69,9,55,117,78,7,112	
107,75,69,156,118,7,164,111,71	
107,75,69,44,2,55,118,31,96	
107,75,85,156,155,55	
107,75,85,37,126,163,69,156,2,30,100,117,31	
107,75,85,37,69,156,9,2,55,78,124,130,122,131,105	
107,8,126,163,118,160,20	
107,8,126,69,71,93,114	
107,8,135,28,30,118,130,160,111,20,101	
107,8,163,156,155,2,118	
107,8,163,9,162,2,10,118,96,70,105,93	
107,8,31,116,160,131	
107,8,37,156,2,55,146,24,14,116,46,96,164,130,160,150,111,122,88,49	
107,8,37,163,69,9,2,116,124	
107,8,64,126,156,55,1,24,164,160,150,20,105	
107,8,64,126,163,156,155,117,130,71	
107,8,69,146,78,112,122,16	
107,8,69,149,116,68	
107,8,69,156,155,2,10,73,143,164,130,160,115,101,94,105,68	
107,8,69,156,44,2,66,164	
107,8,69,156,78,118	
107,8,75,156,118,153,164,71	
107,8,75,85,62,69,156,2,55,111	
107,8,85,126,62,69,156,55,146,153	
107,8,85,163,156,24	
107,8,85,37,155,2,20,114	
107,85,126,69,118,7,160,70,20,131	
107,85,135,156,162,2,55,78,149,160,20,93,16	
107,85,135,44,2,55,82,118	
107,85,146,118,111,114	
107,85,155,55,24,118,124,112,130,150,20,114	
107,85,156,118,130,93	
107,85,156,146,118,130,93,68,16	
107,85,156,31,112,111,16	
107,85,162,138,117,73,105	
107,85,162,73,14,116,124	
107,85,163,118,150,71,16	
107,85,163,156,155,9,2	
107,85,163,156,9,162,24,73,114	
107,85,163,44,17,31,111	
107,85,37,156,9,73,14,116,124	
107,85,37,162,17,78,14,116	
107,85,37,29,1,78,118,111,16	
107,85,37,69,2,55,118,130,160,150,41,131,16	
107,85,37,69,24,100,116	
107,85,37,9,138,66,78,118,105,93,16	
107,85,62,162,99,68	
107,85,69,118,130,160,111,122,88	
107,85,69,156,10,61,105,16	
107,85,69,156,118,160,111	
107,85,69,156,155,30,111	
107,85,69,156,30,118,94,93,114	
107,85,69,162,138,146,31,73,105	
107,85,78,118,160,111	
107,89,102,126,69,162,55,130,160	
107,89,102,129,8,75,85,163,69,156,155,9,2,55,17,10,66,146,1,78,118,14,149,116,124,145,105	
107,89,102,69,78,118,73,20,101	
107,89,102,85,118,73,41,93	
107,89,118,160,101,16	
107,89,118,31,160,16	
107,89,129,53,163,156,55,29,24,130,111,122,20	
107,89,129,53,85,37,163,156,162,146,24,118,7,115,93,16	
107,89,129,69,156,9,153,131,94	
107,89,129,69,30,124,145,164,105,93	
107,89,129,75,163,140,156,124,71,93	
107,89,129,75,163,62,69,155,28,24,100,118,14,160,131	
107,89,129,75,163,69,24,159,114	
107,89,135,155,2,55,146,78,116,16	
107,89,135,156,2,31,73,116,111,88,93	
107,89,138,30,117,78,118,73,164	
107,89,155,14,124,160,41	
107,89,155,162,7,73,164,88	
107,89,155,55,118,116	
107,89,156,155,162,73,111	
107,89,156,44,2,29,66,118,73,96,114	
107,89,156,7,73,143,116,124,111,115,41	
107,89,163,118,96,114	
107,89,163,155,9,29,118,122,20	
107,89,163,2,1,118,31,116,164	
107,89,163,2,55,73,93	
107,89,163,69,118,143,96,71,68	
107,89,163,69,2,138,7,20,41,101,131	
107,89,163,9,24,118,153,105	
107,89,165,156,17,66,111,71,93	
107,89,165,33,69,55,31,116,71	
107,89,165,37,2,118,130,160,114	
107,89,165,64,69,156,155,118,164,130	
107,89,165,85,31,130	
107,89,2,7,130,160,16	
107,89,28,118,96,130,16	
107,89,33,85,163,7,46,160	
107,89,37,69,118,41	
107,89,53,163,156,2,30,71	
107,89,53,29,73,116,114	
107,89,53,37,155,28,7,31	
107,89,53,37,62,156,78,31,105,114	
107,89,53,62,140,156,29,78,118,71,131	
107,89,53,62,69,118,153,114,16	
107,89,53,75,69,156,118,143,130	
107,89,53,8,64,85,163,156,2,118,73,71,70,114	
107,89,53,9,160,20,93	
107,89,62,69,9,162,10,118,73,160,16	
107,89,64,37,69,156,162,30,78,160	
107,89,64,85,69,73,160,122,94	
107,89,69,118,130,71	
107,89,69,156,155,9,162,2,31,73,88,41,68	
107,89,69,2,118,7	
107,89,69,31,14,130,131	
107,89,69,7,96,88,16	
107,89,69,78,160,20,16	
107,89,7,31,88,41	
107,89,75,163,69,156,2,55,24,7,31,149,160,122,94	
107,89,75,163,69,2,10,118,130	
107,89,75,24,30,143,164,88,105	
107,89,75,37,62,2,78,31,143,111	
107,89,75,85,37,156,66,146,78,159,124,150,111,105	
107,89,8,163,156,162,2,29,99,118,160	
107,89,8,75,37,135,69,156,66,24,73,143,112,111,71,94	
107,89,8,85,135,163,69,156,2,17,10,82,100,118	
107,89,8,85,37,163,62,156,155,2,55,29,146,30,78,118,159,116,164,20,88,105	
107,89,85,143,96,130,150	
107,89,85,156,100,114	
107,89,85,156,2,55,7,14,143,160,105	
107,89,85,156,2,73,124,130,160,111	
107,89,85,163,156,2,118,73,131	
107,89,85,163,156,29,24,96,122	
107,89,85,163,156,73	
107,89,85,37,126,163,69,156,2,29,30,100,31,159,143,105	
107,89,85,37,126,69,156,155,2,30,31	
107,89,85,69,55,66,118,153,41,16	
107,89,9,28,160,70	
107,89,9,55,24,20,131	
107,9,2,66,31,70	
107,9,24,78,145,160,105	
118,116,130,160,41,131,114	
118,116,130,20,88,41	
118,143,130,70,105,93	
118,160,111,70,20,16	
118,164,130,160,150,115	
126,135,155,24,130,160	
126,135,163,69,9,2,31,73	
126,135,69,9,29,73,150,122,94,105,93	
126,156,155,118,164,130,160,150,49	
126,156,28,118,7,111	
126,162,2,17,24,70	
126,163,156,155,55,143,130,111	
126,163,62,55,118,164,130,160,111,41,16	
126,163,69,149,143,116,164,130,94	
126,163,69,55,61,93,68	
126,2,138,10,118,111,131,114,16	
126,69,156,155,164,130	
126,69,9,162,2,93	
126,69,9,17,118,73,88,101	
126,82,149,164,130,160,70	
126,99,73,160,70,122,16	
129,118,116,164,130,20,131,114	
129,126,156,2,118,130,111,71,41,93	
129,126,156,2,29,130,111	
129,126,163,156,78,94,114	
129,135,1,24,122,114	
129,135,163,140,69,156,9,99,78,116,145,114	
129,135,163,156,155,55,93	
129,135,163,69,156,155,9,118,7,31,143,112,122,20	
129,135,69,73,143,124	
129,138,24,99,96,71,114,16	
129,140,69,155,31,73,116,131	
129,140,9,143,160,70,93	
129,155,138,71,122,88	
129,155,24,160,150,41	
129,156,153,164,160,93,16	
129,156,155,9,78,114	
129,156,30,78,31,150,93	
129,156,55,118,7,111	
129,156,9,55,24,117,118,7,31,116,160,20,131	
129,162,2,24,78,149,130,114	
129,163,140,69,70,16	
129,163,156,118,149,114	
129,163,156,155,2,41,93,114	
129,163,156,44,118,160	
129,163,156,44,31,111	
129,163,62,69,156,155,2,66,82,159,124	
129,163,62,69,24,115	
129,163,69,156,155,2,82,78,73,159,150,94	
129,163,69,156,24,118,116,160	
129,163,69,156,24,78,31,46	
129,163,69,164,105,93	
129,163,69,55,116,70,16	
129,163,69,9,2,17,116	
129,2,146,82,116,46,160,131,105,68	
129,2,55,117,160,49	
129,33,135,156,2,146,118,73,130,160	
129,33,156,155,9,146	
129,33,75,85,135,62,156,2,55,118,73,116,61,160,49	
129,37,138,130,71,16	
129,37,156,118,31,73,153,116,130,114	
129,37,156,162,116,160,70,114	
129,37,156,55,116,114	
129,37,163,140,156,24,78	
129,37,69,155,10,24,20	
129,37,69,156,162,2,55,118,149,160,88	
129,53,126,69,78,118,73,160,101	
129,53,140,69,150,93,114	
129,53,156,164,160,70,93,114	
129,53,156,24,31,71,114	
129,53,163,62,155,66,130,71	
129,53,24,160,70,105,114	
129,53,24,30,118,160,20	
129,53,37,69,156,100,118,116,112,160,71,88,41,131	
129,53,64,37,163,69,156,31,160,111,16	
129,53,69,138,7,73,149,160,101	
129,53,69,156,155,9,116,96,88,105	
129,53,69,156,55,138,78,118,130,160,111,71	
129,53,75,163,140,69,156,155,117,78,118,130,71	
129,53,75,69,55,7,49	
129,53,8,126,69,156,155,2,116,88	
129,53,8,135,29,16	
129,53,8,135,69,156,118	
129,53,8,156,9,10,28,118	
129,53,8,156,9,55	
129,53,8,64,135,155,78,118,31,73,14,160,122,41,105	
129,53,8,64,75,69,156,73,93	
129,53,8,69,156,155,55,10,146,28,24,73,124,160,20,88,131	
129,53,85,55,143,164,160,16	
129,55,99,160,131,16	
129,62,69,156,100,31,160	
129,64,126,69,55,31,70	
129,64,138,160,70,114	
129,64,140,138,146,24,160,49	
129,64,140,162,17,143,160	
129,64,140,55,145,160,70,93	
129,64,140,69,156,2,78,118	
129,64,156,118,14,116,164,70,105,16	
129,64,163,62,69,156,155,9,44,24,78,143,46	
129,64,37,62,69,156,155,2,55,7,20,41	
129,64,37,69,138,29,82,164,49	
129,64,55,118,160,20	
129,64,62,30,78,112,130,105	
129,64,69,155,2,118,7,159,111,115,41,131,16	
129,64,69,24,118,73	
129,64,75,156,155,2,55,96	
129,64,75,163,69,146,78,61,20	
129,64,75,85,163,69,155,149,143,94	
129,64,75,85,37,69,2,118,46,115,93,114	
129,64,85,37,163,69,118,46,164,160,70	
129,69,118,116,160,150,131	
129,69,156,143,130,70,93,114	
129,69,156,2,24,118,143,71,70,20	
129,69,156,2,24,164,71	
129,69,156,24,118,73	
129,69,156,78,143,116,124,164,71,101,131	
129,69,156,78,73,70	
129,69,156,9,138,118,114	
129,69,156,9,78,118	
129,69,156,9,99,118,124,160,93,49	
129,69,55,24,130,20	
129,69,55,29,24,30,111,20	
129,69,71,70,41,114,49	
129,75,126,69,155,2,55,118,105	
129,75,135,163,2,160	
129,75,155,116,130,160,111,114	
129,75,156,2,61,160,114	
129,75,156,28,164,160,111,70,131,16	
129,75,163,155,78,31,116,16	
129,75,163,69,155,164	
129,75,163,69,156,2,66,28,1,24,73,159,116,124,96,130,111,131,93	
129,75,163,69,162,78,96,130,160,94	
129,75,163,69,17,99,159,160,111,114,16	
129,75,163,69,31,73,122,93	
129,75,2,138,10,118,116,164	
129,75,62,69,156,100,14,124,96	
129,75,62,69,2,49	
129,75,69,155,2,117,78,118	
129,75,85,126,69,156,2,78,14,143,164,111	
129,75,85,163,156,100,118	
129,75,85,163,69,156	
129,75,85,37,156,7	
129,75,85,69,156,55,118,73,14	
129,75,9,2,78,118,130,88,41,16	
129,8,156,9,31,73,96,130,160,122,88,101,93	
129,8,162,55,10,30,118,7,149,16	
129,8,163,156,146,114	
129,8,163,156,9,2,66,146,78,93	
129,8,163,156,9,55,14,143,124,122	
129,8,163,31,116,61,130,160	
129,8,163,69,156,55,149,160	
129,8,37,135,69,156,55,30,78,122	
129,8,64,37,126,163,156,155,162,2,55,146,73,130,111	
129,8,69,156,138,24,149,112,94	
129,8,75,156,146,78,118,70,93,16	
129,8,75,85,37,163,69,156,118	
129,8,85,135,24,68	
129,8,85,163,62,69,96,130,150,111,93	
129,8,85,37,163,69,156,78,73,46,96,164,160,70	
129,8,85,69,10,96,130,94,114	
129,85,118,73,130,41,114	
129,85,135,156,55,17,124,68	
129,85,156,10,28,78,7,73,153,160,20,88,93,68,16	
129,85,156,73,160,20,88,41	
129,85,163,156,7,101,16	
129,85,163,69,156,162,2,73,114	
129,85,163,69,17,164,71	
129,85,31,96,160,70	
129,85,37,163,140,69,162,2,55,17,31,61,16	
129,85,37,163,69,155,118,116,124,20	
129,85,37,163,69,156,155,2,55,66,24,100,78,7,159,130,111,20,93	
129,85,37,55,124,112,160	
129,85,37,69,156,55,24,164	
129,85,37,69,2,10,78,111	
129,85,37,69,2,73,71	
129,85,37,69,78,118,14,149,130,114	
129,85,62,69,44,2,17,29,66,118,73,41,93	
129,85,69,156,10,24,41	
129,85,69,156,162,100,96	
129,9,138,146,116,164,122,88,68	
129,9,44,138,118,111,114	
130,160,71,88,41,68	
135,138,153,61,115,16	
135,156,155,55,78,14,130,16	
135,156,30,117,118,160,16	
135,156,55,116,111,16	
135,156,55,17,111,114	
135,156,55,73,160,41,131	
135,156,55,96,94,114	
135,156,66,28,78,118,7,116,124,88	
135,156,9,2,118,73,41	
135,156,99,111,122,101	
135,162,55,130,160,111	
135,162,55,7,164,16	
135,163,140,69,156,9,146,20,88,16	
135,163,156,155,118,122	
135,163,156,162,2,55,146,153,111	
135,163,156,17,124,145,164,16	
135,163,156,9,100,78,118	
135,163,66,130,160,71,93	
135,163,69,155,66,78,118,111,105	
135,163,69,156,9,61,101,94	
135,163,69,44,2,1,16	
135,163,69,9,44,146,116,150,94	
135,2,17,138,78,118	
135,55,164,130,160,122,105	
135,62,55,31,149,68	
135,69,156,162,2,164	
135,69,156,2,55,24,116,114	
135,69,156,29,116,130,49	
135,69,2,100,143,116,122	
135,69,2,116,111,94	
135,69,2,138,118,130,160	
135,69,2,55,10,28,73,14,61	
135,69,2,55,130,88	
135,69,44,2,160,114	
135,69,44,2,29,118,160	
135,69,55,138,130,160,105,114	
135,69,9,31,41,94	
135,9,2,55,118,160	
138,1,118,96,160,105,16	
138,78,31,164,160,70,114	
140,156,155,145,130,71	
140,156,2,66,78,14,116,124,112,150,70	
140,156,29,118,73,130,88	
140,156,44,2,146,24,100,118,116,114	
140,69,156,155,7,116,150,105,16	
140,69,29,146,143,116,111,71,105	
140,69,55,138,78,93	
143,160,150,70,122,131,105,16	
153,20,88,94,114,16	
155,118,73,130,70,88	
155,138,24,130,160,71	
155,146,24,160,111,93,16	
155,2,146,118,130,160,111,114	
155,2,29,118,160,88,114	
155,29,117,118,73,160,71	
155,29,30,118,31,111,20	
155,29,30,73,160,111,41,101	
155,55,31,73,46,111,20	
155,73,61,70,105,16	
155,9,162,146,70,131,16	
155,9,2,55,116,122,105	
155,99,118,160,20,41	
156,116,112,130,71,88,93	
156,118,112,130,93,68	
156,118,122,115,41,131,114	
156,138,78,160,111,68,114	
156,146,143,130,111,49	
156,146,78,116,70,20,16	
156,153,116,160,71,122,20	
156,153,124,164,105,93,16	
156,155,2,118,164,111,94	
156,155,2,24,78,124	
156,155,2,30,118,116,96,111,71	
156,155,2,30,130,71,70,41	
156,155,2,31,130,160,111,20,114	
156,155,2,55,78,164	
156,155,31,73,160,114	
156,155,44,17,78,118,164,41,16	
156,155,55,10,66,28,24,94	
156,155,55,29,146,101	
156,155,9,2,55,118	
156,155,9,24,130,71,94,49,16	
156,155,9,28,118,31,150,20	
156,162,118,14,124,145,111,41	
156,162,2,138,116,130,20	
156,162,2,160,111,16	
156,162,2,29,118,160	
156,162,24,118,116,130,114	
156,162,44,2,73,116,130,160	
156,162,55,99,164,160,71	
156,162,73,130,160,20,41,93	
156,162,73,160,71,93	
156,162,99,150,70,115	
156,17,130,160,115,114	
156,2,10,146,111,93,16	
156,2,100,78,7,116,111,88,105	
156,2,116,130,111,122	
156,2,143,130,71,122	
156,2,146,143,96,61,150,20,41,101,68	
156,2,153,112,160,115,41,101	
156,2,17,118,130,111	
156,2,24,164,70,93	
156,2,29,1,118,149	
156,2,30,124,164,130,111,71,122	
156,2,30,149,61,160	
156,2,30,88,93,114	
156,2,66,146,116,124,150,94,68	
156,2,73,160,150,16	
156,2,78,118,111,20,101	
156,28,1,116,61,164,130	
156,28,160,115,41,101,16	
156,29,116,61,94,68,16	
156,29,78,130,160,16	
156,30,118,73,124,160	
156,30,7,130,160,131	
156,31,149,116,130,93,114	
156,31,160,71,122,20,41,16	
156,31,73,149,116,124,160,70	
156,44,118,116,130,111	
156,44,124,160,20,88	
156,44,2,118,7,96,160,150,20,16	
156,44,2,17,130,160,114	
156,44,2,29,118,164,111,20,16	
156,44,55,99,31,131	
156,44,66,164,41,131	
156,55,111,70,122,88	
156,55,118,160,88,131	
156,55,118,96,130,20	
156,55,153,112,96,130,160,93	
156,55,66,118,153,114	
156,55,78,130,160,49	
156,61,164,160,150,41	
156,66,31,71,105,114,16	
156,73,130,160,150,101,105,49,16	
156,73,153,124,160,122,101	
156,9,1,73,14,88	
156,9,118,73,149,116	
156,9,146,14,164,130,150,114	
156,9,146,61,164,88	
156,9,2,10,94,114	
156,9,2,24,116,160	
156,9,2,55,118,164,130,88,114	
156,9,2,55,46,160,16	
156,9,2,78,31,96,130,150	
156,9,44,17,20,88	
156,9,55,146,7,143,124,112,61,41	
162,1,143,160,88,41,16	
162,10,31,73,160,20,105,16	
162,117,143,160,122,41	
162,118,31,160,70,114	
162,138,130,160,70,16	
162,138,146,78,31,164,130,160,16	
162,146,1,78,73,41	
162,2,118,130,160,41,16	
162,2,138,146,24,118,130,93	
162,2,24,160,150,20,88,93,114	
162,2,31,73,160,20,115	
162,30,117,7,31,160,41	
163,118,7,73,143,93	
163,138,118,31,73,130	
163,138,78,149,116,145,61,164,130,160,150,101,114	
163,138,99,130,160,71,101,93,16	
163,140,156,155,9,118,160,41,131	
163,140,156,44,146,88,93,114	
163,140,156,9,24,117,111	
163,140,162,2,116,160	
163,140,2,55,138,24,20	
163,140,69,146,24,164	
163,140,69,156,118,160,16	
163,140,69,156,2,118,14,116,111,49	
163,140,69,156,2,55,24,112,96,111,20,16	
163,140,69,156,29,118	
163,140,69,156,44,55,16	
163,140,69,162,99,115,114,16	
163,140,69,2,122,88,16	
163,146,117,7,130,160,150,111,71	
163,156,14,124,160,150	
163,156,143,111,88,68,16	
163,156,153,61,111,70,88,105,114,16	
163,156,155,159,130,160,70,94	
163,156,155,2,146,100,16	
163,156,155,2,55,10,146,78,31,150,111,93,49	
163,156,155,28,1,122	
163,156,155,78,14,143,124,112,16	
163,156,2,130,160,71,105	
163,156,2,31,73,131	
163,156,2,55,118,112	
163,156,2,78,118,20,93	
163,156,24,78,118,143,116,46,111	
163,156,31,94,93,16	
163,156,55,30,14,143,88,93,16	
163,156,55,78,160,111	
163,156,66,78,159,96,61,164,111,93,16	
163,156,7,160,88,101,105	
163,156,9,118,73,149,93	
163,2,17,78,7,61	
163,2,31,73,14,130,49	
163,2,55,138,78,118,96,160,71	
163,2,55,17,66,146,160,150,111,16	
163,2,82,24,99,160,71	
163,2,99,153,71,122	
163,44,24,73,105,93	
163,62,156,155,143,145,71	
163,62,156,9,2,55,10,146,100,118,88	
163,62,162,1,31,130,111,71	
163,62,2,118,164,130,68	
163,62,2,55,138,164,130,71	
163,62,55,138,117,116	
163,62,69,156,117,164,71	
163,62,69,156,155,2,10,78,159,130,160	
163,62,69,156,24,30,130,150,105,93	
163,62,69,156,55,24,118,149,145,112,160,94	
163,62,69,156,55,82,30,118,7,73,46	
163,62,69,156,9,2,100,88	
163,62,69,2,30,46,160,122,93	
163,62,69,9,55,96	
163,69,138,66,118,122,88,115,101	
163,69,146,149,143,116,122,49	
163,69,155,118,14,130,131	
163,69,155,66,116,96	
163,69,155,78,130,160,150	
163,69,155,9,55,138,66,118,130,20	
163,69,156,118,124,160	
163,69,156,118,130,68,114	
163,69,156,118,73,130,160,88,115	
163,69,156,155,162,30,100,159,130,111,20,41	
163,69,156,155,24,124,130,111	
163,69,156,155,55,10,118,7,116	
163,69,156,2,17,10,24,111,71	
163,69,156,2,20,114	
163,69,156,2,55,14,20,16	
163,69,156,2,66,24,118	
163,69,156,28,1,78,31,143,160,20,16	
163,69,156,29,118,61,16	
163,69,156,29,24,100,117,41	
163,69,156,44,28,116	
163,69,156,55,66,24,61,68,114	
163,69,156,66,118,112	
163,69,156,9,146,78,150,93	
163,69,162,55,78,73,41	
163,69,2,118,130,41,93	
163,69,2,138,124,164,160,150,70,68,114	
163,69,2,28,96,114	
163,69,24,100,118,114	
163,69,28,73,124,94	
163,69,78,124,130,160,71,88	
163,9,1,78,116,16	
163,9,162,55,73,164,160,111,114	
165,129,135,2,55,146,1,31,20	
165,129,163,62,156,160	
165,129,163,69,156,2,29,146,143,116,94,16	
165,129,163,69,156,55,118,93	
165,129,53,118,73,159,111	
165,129,53,163,156,118,94	
165,129,53,37,69,156,44,24,118,159,124,164	
165,129,53,64,75,62,69,2,138,78,118,116,130,70,16	
165,129,64,75,156,155,44,2,10,24,78,118,111	
165,129,69,44,2,14,61,160,68	
165,129,75,69,156,2,24,7,93	
165,129,8,156,55,111	
165,155,2,118,130,160,111	
165,156,146,31,41,114	
165,156,155,138,24,96,61	
165,156,162,10,30,118,150,20,41,101	
165,156,29,31,73,111,114	
165,156,55,143,96,20,93	
165,156,9,29,14,124,130,160,70	
165,162,138,159,101,93	
165,163,156,155,28,78,130,160,105	
165,163,156,2,55,78,16	
165,163,55,17,146,88,68	
165,163,62,140,69,156,14,160	
165,163,69,156,31,73,114	
165,163,69,162,2,55,118,160,150,93	
165,163,69,2,55,66,99,78,20,16	
165,163,69,55,30,99	
165,33,62,69,29,99,88,68	
165,33,64,75,163,140,69,156,9,2,118,73,159,112	
165,33,64,75,37,156,155,2,82,118,31,71,114	
165,33,75,85,140,69,30,16	
165,33,85,163,62,69,156,155,2,55,29,66,30,117,78,7,159,143,116,112,130,111,20,41	
165,37,156,9,2,30,73,111,71,122,20,114	
165,37,162,28,78,118,7,31,73,153,131	
165,53,163,69,2,146,118,7,160,115,93	
165,53,37,163,69,156,66,7,149,116,41	
165,53,62,78,7,14,71	
165,53,69,156,29,73,124	
165,53,8,75,163,69,156,96	
165,53,85,126,135,69,156,24,153,41,94	
165,53,85,156,9,118,61,130,160	
165,64,156,138,66,73,124,96,20	
165,64,163,156,155,114	
165,64,69,156,118,131	
165,69,146,116,130,122	
165,69,156,118,124,164,130,111	
165,69,156,17,118,116,41,93,114	
165,69,156,2,10,29,78,116,61,164,71,93	
165,69,156,55,118,116,160,16	
165,69,156,66,111,20	
165,69,156,73,160,114	
165,69,162,2,78,118,143,164,130,111,71	
165,69,2,99,111,122,114	
165,69,66,30,130,160	
165,69,9,29,149,16	
165,69,96,164,20,114	
165,75,135,163,156,160	
165,75,163,156,162,2,88,94	
165,75,163,69,55,153,122	
165,75,2,31,61,130,41,93	
165,75,37,9,2,55,78,73,14,111,71,122,41,105,93,16	
165,75,69,9,162,44,17,146,118,31,130	
165,75,85,135,9,55,7,130,20,131	
165,75,85,163,69,156,155,2,29,24,159,112,130	
165,8,135,69,9,2,55,138,31	
165,8,140,156,117,118,153,14,143,164,49	
165,8,163,155,14,111,93	
165,8,163,69,155,2,24,30,164,20,16	
165,8,69,155,100,130,93	
165,8,69,156,155,78,118	
165,8,75,37,70,16	
165,8,85,37,135,69,156,7,31,124,94	
165,8,85,37,69,55,10,30,116,164,111,49	
165,85,118,160,41,114	
165,85,155,2,10,61,130,93,16	
165,85,163,69,156,155,55,30,118,105	
165,85,37,69,155,73	
165,85,69,24,118,160,93,68	
165,9,2,99,143,160,111	
165,99,118,160,20,93	
17,10,118,124,150,131	
17,31,73,160,114,16	
2,116,124,130,71,20	
2,117,118,73,160,111,93	
2,118,73,130,160,16	
2,130,150,111,131,114	
2,138,146,118,31,73,96	
2,138,24,73,160,16	
2,143,96,111,122,105	
2,146,118,130,160,111,71,41,114	
2,17,78,118,73,160,20,41,93	
2,29,118,116,130,160	
2,29,24,30,96,164	
2,55,138,112,130,160	
2,55,14,116,124,112,61,160,111,41,105,93,114	
2,55,24,149,112,160,150,111	
2,66,118,160,150,105,93	
2,96,160,111,71,122	
24,117,153,116,20,131,94	
28,7,124,61,160,111,131,16	
29,66,164,160,71,105	
29,78,118,130,160,49	
30,100,117,73,70,20,88,93,16	
30,111,122,20,105,93	
31,130,160,111,71,114	
31,149,143,116,160,114	
31,160,111,70,114,16	
33,126,62,69,156,44,2,55,66,24,111,93	
33,126,69,66,24,118,150,114	
33,156,78,118,14,20	
33,163,69,156,118,130,94,68	
33,163,69,156,44,138,31,130	
33,2,118,73,116,130,160,111,70	
33,37,163,2,146,14,124,93,114	
33,37,69,162,31,160	
33,44,138,118,130,111	
33,53,75,37,30,88,41,105,16	
33,53,8,140,69,10,24,118,159	
33,53,8,64,85,163,62,69,156,155,44,2,118,143,111,88,131	
33,64,163,69,156,2,66,20,131,105	
33,69,155,118,73,143	
33,69,156,155,9,78,73	
33,75,155,55,66,7	
33,75,37,140,155,24,31,153	
33,75,37,163,62,69,156,155,130,71	
33,75,85,126,163,62,69,118,31,73,96,61,111,93	
33,75,85,163,140,69,156,9,66,146,78,31,143,130,150,111	
33,75,85,37,126,146,153,116,111,101,16	
33,75,85,37,135,163,140,156,155,24,96,130,105,93	
33,8,69,55,112,61,41	
33,85,126,163,69,155,55,17,28,143,112,20	
33,85,126,69,156,9,2,28,49	
33,85,156,2,17,66,146,31,112,130,160,111,70,94,49	
33,85,163,69,155,55,66,111,131,93	
33,85,163,69,9,55	
33,85,2,138,31,73	
33,85,37,163,140,69,156,44,2,82,118,143,61,164,130,111,131	
33,85,37,163,69,156,162,44,2,146,28,7,71,88,131	
33,85,37,163,69,9,44,2,159,116	
33,85,37,62,55,73,153,164,122,16	
33,85,69,9,78,31,153,116,112,111	
37,116,160,20,88,94,105	
37,126,135,69,156,138,118,130,160,101	
37,126,156,2,31,153,159,96,71,114,49	
37,130,160,111,70,114	
37,135,156,2,66,24	
37,135,163,156,9,55,10,24,73	
37,135,163,2,10,66,30,100,117,7,73,149,160,20,115,94	
37,135,163,69,156,55	
37,135,69,155,2,160,41	
37,135,69,156,2,78,118,73,116	
37,138,153,116,130,115,16	
37,138,153,61,130,41,131,16	
37,138,7,31,116,93	
37,140,69,156,164,105,16	
37,140,69,156,9,55,93,16	
37,140,69,55,143,130	
37,155,17,29,99,118,130	
37,156,155,146,130,114	
37,156,155,146,78,16	
37,156,155,162,78,159,124,122	
37,156,155,55,17,114	
37,156,164,130,111,71	
37,156,2,10,29,146,116,130,111	
37,156,2,55,146,116	
37,156,2,55,146,118,88,41,114	
37,156,2,82,78,122	
37,156,31,111,71,16	
37,156,44,146,78,118,31	
37,156,7,31,116,111,114	
37,156,73,88,115,101,16	
37,156,78,116,160,41,93	
37,156,78,7,14,112,130,111	
37,156,9,2,55,118,143,116,114	
37,160,71,70,88,41	
37,162,44,2,55,24,118	
37,163,118,96,164,70	
37,163,138,116,124,111,41	
37,163,138,117,78,116,96	
37,163,140,156,9,2,49	
37,163,155,138,118,164,160,71	
37,163,156,118,73,164,41	
37,163,156,155,9,2,138,82,7,116,96,164,115	
37,163,156,2,7,160,41,105	
37,163,156,55,28,7,14,111,93	
37,163,156,99,71,94	
37,163,162,2,78,16	
37,163,24,118,153,160,114	
37,163,24,73,111,93	
37,163,44,24,118,150,111,114,49	
37,163,62,69,24,73	
37,163,69,146,78,96,111	
37,163,69,156,116,130	
37,163,69,156,118,31,70,114,49	
37,163,69,156,155,55,29,78,145,164,94	
37,163,69,156,2,118	
37,163,69,162,78,116,160	
37,163,69,73,122,68	
37,17,130,160,111,16	
37,17,24,30,130,160,122	
37,17,30,20,41,93	
37,2,24,78,7,20	
37,2,29,24,78,96,93	
37,44,138,99,118,114	
37,62,156,2,24,100,118,153,116,71	
37,62,69,118,130,122	
37,62,69,156,155,10,78,7,116,130,111,41	
37,69,155,2,55,31,73,111,94	
37,69,155,78,118,116,130	
37,69,156,155,55,29,73,105,93	
37,69,156,155,9,118,116,112,130,71,70,93	
37,69,156,162,44,2,146,118,7,111,122,20,41,101,93	
37,69,156,17,24,14,124,41	
37,69,156,2,149,143	
37,69,156,2,17,118,111	
37,69,156,2,31,73	
37,69,156,24,78,16	
37,69,156,44,2,146,149,111,105	
37,69,156,78,73,149,145	
37,69,2,30,73,88,101	
37,69,2,55,78,31,164,49	
37,69,44,24,31,145,111,20	
37,69,44,66,118,93	
37,69,44,82,24,7,124,164	
37,69,78,116,71,114	
37,69,9,2,55,124,46,111	
37,7,164,160,111,71	
37,9,162,2,101,114,16	
37,99,130,160,111,71	
44,2,146,118,130,160,114	
44,99,164,130,111,105,16	
53,100,78,124,150,105,16	
53,126,135,69,55,117,78,118,73,124,112,130,68	
53,126,69,66,130,122,88	
53,135,156,155,2,55,66	
53,135,156,162,55,111,131	
53,135,156,30,7,31,116,20,93	
53,135,163,69,73,101	
53,135,55,17,14,143,160,41,114	
53,135,69,156,55,160	
53,140,156,2,55,24,143	
53,140,69,2,78,101,68	
53,143,164,160,70,131,114	
53,155,9,24,116,124,93,114	
53,156,116,160,70,114	
53,156,118,94,105,93	
53,156,124,160,20,41	
53,156,155,2,10,146,164,49	
53,156,155,24,118,31,73	
53,156,155,78,116,114	
53,156,155,9,2,55,14,124	
53,156,160,70,122,131	
53,156,2,138,29,99,160,111,93	
53,156,30,118,73,88,41,16	
53,156,9,2,55,146,78,7,124,112,164,122,88,131,93	
53,163,140,156,24,118,94	
53,163,140,69,156,28,78,116,111,105	
53,163,146,100,14,124,16	
53,163,156,138,30,16	
53,163,156,160,105,16	
53,163,156,29,100,78,115,131	
53,163,156,55,99,31,14,149,116,124,130,94,105	
53,163,156,78,149,105,114	
53,163,156,9,55,118,7,46,160	
53,163,159,105,114,16	
53,163,2,138,143,160,114	
53,163,29,101,93,16	
53,163,29,24,130,111,93,16	
53,163,62,162,55,138,31,114	
53,163,62,69,116,124	
53,163,62,69,156,155,24,78,118,71,70,93	
53,163,62,69,156,93,16	
53,163,62,69,2,78	
53,163,69,1,78,118,111,68	
53,163,69,124,112,61,122,88,16	
53,163,69,156,146,143,41,93	
53,163,69,156,146,164,130,71	
53,163,69,156,155,55,28,78,118,7,73,160,88,131,93	
53,163,69,156,44,2,55,118,14,61,88,114	
53,163,69,156,55,78,73,112	
53,163,69,156,78,73	
53,163,69,162,66,82,24,99,96,61,122,88	
53,163,69,17,118,73,130,160,41,131,93,114	
53,2,17,24,30,118,71	
53,37,126,69,156,73,14,143,124,41	
53,37,162,24,149,116,94	
53,37,163,69,9,44,116,114	
53,37,163,9,2,55,138,78,116	
53,37,62,69,156,162,2	
53,37,69,155,159,116,160,88,16	
53,37,69,156,2,100,14,124,112,20	
53,37,69,156,2,96,160,94	
53,37,69,156,9,7,124,130,160	
53,37,69,44,7,73,160,111	
53,37,9,116,145,164,93,114	
53,55,118,143,160,20,41,131	
53,55,66,146,1,7,130,160,111	
53,55,99,118,130,41	
53,62,118,116,46,160,122	
53,62,156,155,118,73,105	
53,62,156,155,9,130,160,150,41,93	
53,62,69,155,162,17,138,82,24,118,164,16	
53,62,69,156,9,44,55,118,122,88,114	
53,62,78,73,160,16	
53,64,140,2,66,31,160	
53,64,2,146,24,149,160,88,101	
53,64,37,126,163,69,156,2,146,117,124,160,111	
53,64,37,140,69,156,155,29,28,118,73,116	
53,64,37,163,62,69,156,162,55,10,66,78,149,61,111	
53,64,69,156,31,116,130,71	
53,64,69,156,55,30,112,164	
53,64,75,135,62,55,159,164,41	
53,64,75,155,2,55,66,24,7,111,122,131,16	
53,64,85,156,116,46,16	
53,64,85,37,69,55,17,7	
53,69,156,118,153,111,115,101	
53,69,156,118,164,160,93,68	
53,69,156,146,100,118,73	
53,69,156,155,55,66,61,164,93,68	
53,69,156,164,101,131	
53,69,156,2,100,118,14,124,130,160	
53,69,156,24,31,46,41	
53,69,156,31,73,124	
53,69,156,31,73,160,150	
53,69,2,7,71,93,16	
53,69,44,2,149,160,88	
53,69,55,118,160,16	
53,69,55,118,31,73,124,68	
53,69,55,24,61,111,115,101,93,114,16	
53,69,9,55,31,143,124,122	
53,75,126,163,156,49	
53,75,138,31,160,71,70,20	
53,75,156,9,2,71,68	
53,75,160,70,41,105	
53,75,162,55,146,122,68	
53,75,163,156,162,2,100,116,96,41,131	
53,75,163,69,156,155,160,68,114	
53,75,31,73,124,61	
53,75,37,163,156,117,118,143,164,71	
53,75,37,163,69,156,155,9,2,55,146,24,30,160,111,122,101	
53,75,37,163,69,162,44,29,28,111,41,16	
53,75,69,156,155,55,99,116,124,112,164,114	
53,75,69,156,55,82,78,46,111,70,101	
53,75,69,162,7,114	
53,75,69,78,116,70	
53,75,85,126,163,146,130,111,71	
53,75,85,156,24,78,46,93	
53,75,85,163,69,156,9,162,2,24,31,153,143,111	
53,75,85,163,69,9,105	
53,8,126,135,163,69,2,114	
53,8,126,69,112,160	
53,8,135,156,1,100,143,61,164,160,41,93,114	
53,8,135,163,140,155,2,7,31,130,150,71,105	
53,8,155,55,30,100,118,73,61,88,41,16	
53,8,156,2,29,143	
53,8,156,24,124,70,94,93	
53,8,156,78,111,122,88	
53,8,156,78,130,71,105	
53,8,156,9,118,73	
53,8,163,156,149,116,130	
53,8,163,69,138,1,78,114,16	
53,8,163,69,156,138,24,159,112,160	
53,8,163,69,156,78,159,124,111,71,114	
53,8,163,69,24,116	
53,8,163,9,29,160,70	
53,8,24,30,116,93	
53,8,37,163,156,159,114	
53,8,62,2,138,100,118,116,124,122,114	
53,8,64,69,156,118	
53,8,64,69,156,24,118,116,16	
53,8,69,156,2,116,111	
53,8,69,156,96,20	
53,8,69,66,146,118,31,93	
53,8,69,9,55,82,16	
53,8,75,135,163,69,156,2,146,143,61,94,105,16	
53,8,75,163,140,69,130,71	
53,8,75,163,69,156,118,14,149,143,88	
53,8,75,37,163,62,69,156,155,99,130,88,114,16	
53,8,85,163,69,156,2,55,28,24,117,118,153,116,124,130,71,88,105	
53,8,85,69,2,24	
53,85,118,153,71,114	
53,85,126,163,69,156,155,2,118	
53,85,126,62,69,156,2,24,130	
53,85,126,66,160,93,16	
53,85,135,156,2,7,143	
53,85,140,156,99,131	
53,85,156,118,41,114	
53,85,156,155,162,2,24,30,164,111,41,114	
53,85,156,9,2,66,30,117,78,112,111	
53,85,156,9,30,78,116,96,160,71,49	
53,85,163,116,160,71,88	
53,85,163,140,156,155,78,118,112,130,122,41,105	
53,85,163,55,138,24,143,130,131	
53,85,163,62,69,156,155,55,10,29,99,153,160,114	
53,85,163,62,69,16	
53,85,2,24,118,116	
53,85,28,130,160,71	
53,85,37,156,55,94,93,16	
53,85,37,163,117,118,116,93,68	
53,85,37,69,30,116,114	
53,85,37,69,55,17,7,71	
53,85,37,69,55,41,16	
53,85,62,140,156,155,24,118,130	
53,85,66,116,160,71,93	
53,85,69,162,2,14,159,164,130,160,111,70,122	
53,85,69,2,153,14,116	
53,9,162,55,14,130	
55,118,73,160,122,16	
55,138,73,116,61,41,68,114	
55,78,124,46,160,70,105,16	
62,155,55,66,24,149,131,93	
62,156,155,2,100,111	
62,156,162,78,118,7,164,130	
62,156,2,118,31,111	
62,156,29,78,31,114	
62,156,78,118,116,130,114	
62,156,9,2,66,78,130	
62,162,2,78,118,31,73,61,130,160,111,20,41,93	
62,2,14,124,130,111	
62,69,118,41,101,16	
62,69,138,146,124,160	
62,69,156,145,71,49	
62,69,156,155,44,55,99,118,71,20,93,114	
62,69,156,2,24,130,111,71,122	
62,69,156,2,78,73,68,16	
62,69,156,9,2,31,159,116,70,115,105,93	
62,69,2,55,138,124	
62,69,73,130,160,93	
64,126,156,159,124,130	
64,126,156,73,149,160	
64,135,69,138,66,28,46,160,88,101,114	
64,135,69,156,17,10,66,73,88	
64,140,138,78,143,41	
64,140,69,155,55,160	
64,156,143,145,164,71,105,114	
64,156,146,73,150,111	
64,156,155,138,61,94	
64,156,2,10,149,46,111	
64,156,44,2,116,112	
64,156,55,118,130,122	
64,156,7,31,124,111	
64,156,9,118,105,93	
64,156,9,162,118,143,160,115,93,16	
64,156,99,78,7,73,116,160,111,122,16	
64,163,140,69,130,71,114	
64,163,156,118,20,88	
64,163,156,2,31,73,71	
64,163,156,55,14,114	
64,163,2,55,29,149,160,88	
64,163,24,118,31,116,160,111,114	
64,163,69,156,10,114	
64,163,69,156,118,116	
64,163,69,156,2,55,82,14,116	
64,163,69,78,143,116,105	
64,37,156,9,17,16	
64,37,163,69,156,55,146,31,145	
64,37,163,69,156,9,78,143,116,164,71,114	
64,37,69,155,146,1,78,73,159,116,164	
64,37,69,156,2,146,116,124,112,130	
64,37,9,162,146,118,31	
64,62,146,31,73,124	
64,62,69,156,78,88,93,49	
64,66,30,149,122,16	
64,69,116,124,112,111,101	
64,69,118,130,105,93	
64,69,156,143,124,112,70	
64,69,156,155,82,73	
64,69,156,160,70,41,101	
64,69,156,2,55,1,24,100,145,111,70,94	
64,69,156,24,78,160,68	
64,69,156,9,2,118,73,153,116,130,111	
64,69,2,31,73,61,68	
64,69,24,30,61,111	
64,69,9,118,71,101	
64,7,149,130,160,88,115,131	
64,73,160,70,94,105,16	
64,75,140,69,156,155,78,149,96,130,150,71,105	
64,75,155,24,149,164	
64,75,156,155,2,61,105,16	
64,75,163,118,130,160,111,93	
64,75,163,69,99,78,118,7,70,20	
64,75,69,156,155,118,112	
64,75,69,156,9,2,150	
64,75,85,118,159,164	
64,75,85,156,2,31,93,16	
64,75,85,37,156,2,30,78,31,149,124,160,122,41,16	
64,75,85,69,55,17,7,105,93	
64,85,140,69,156,9,99,114,16	
64,85,163,156,30,118,149,88	
64,85,163,69,2,55,146,118,112	
64,85,2,24,78,118,61,160,150	
64,85,37,126,135,55,164,115,16	
64,85,37,163,160,88,114,16	
64,85,62,46,160,131,16	
64,85,69,156,155,2,55,66,7,160,71,101	
64,85,69,156,155,9,162,2,55,138,78,73,14,116,61,130,71,105,93	
64,9,66,14,149,116,124,111,105,93	
69,118,130,111,70,16	
69,118,130,160,150,88,41,131	
69,138,118,73,130,160	
69,138,153,116,46,130,115,16	
69,138,46,130,115,16	
69,146,100,78,118,116,96,122,16	
69,146,7,164,130,160,111,70	
69,150,20,41,131,16	
69,155,146,28,78,118,73,20,131	
69,155,160,71,105,114	
69,155,2,118,73,116	
69,155,2,55,146,116,112,20	
69,155,2,78,73,71,101	
69,155,29,146,118,116,160,150	
69,155,9,24,31,105	
69,156,1,73,116,112	
69,156,100,7,96,20	
69,156,118,116,130,71	
69,156,118,116,160,88	
69,156,118,149,160,111,71,115	
69,156,118,31,160,105,114	
69,156,130,160,111,122,114	
69,156,130,160,150,71,93	
69,156,146,30,118,31,130,114	
69,156,155,146,31,73,114,16	
69,156,155,2,146,111	
69,156,155,2,17,29,49	
69,156,155,2,55,24,118,116,93	
69,156,155,7,46,160,115,41	
69,156,155,78,88,131,94	
69,156,155,82,24,153,49	
69,156,162,146,124,68	
69,156,162,29,66,143,164,160,111	
69,156,162,29,66,146,73,116,124,130,160,122,114,16	
69,156,162,44,2,146,96	
69,156,2,118,31,164,160,111,71,41,101,93,68	
69,156,2,118,46,93	
69,156,2,118,73,116,112,160,114	
69,156,2,17,66,111	
69,156,2,24,31,73,14,130,160,111,70,20	
69,156,2,30,153,61,160,111,41,105,114	
69,156,2,31,73,112,160,131	
69,156,2,55,112,150	
69,156,2,55,118,88	
69,156,2,78,114,16	
69,156,2,78,130,160	
69,156,2,82,130,150,111	
69,156,2,82,71,20	
69,156,2,99,14,116,112	
69,156,2,99,31,73,160,114	
69,156,24,117,145,160,93	
69,156,24,153,122,20,49	
69,156,28,7,160,114	
69,156,30,118,31,93	
69,156,30,73,111,20,16	
69,156,44,2,146,78,118,31,160,111,70,20,41,16	
69,156,44,2,55,78,73	
69,156,55,116,160,122	
69,156,55,82,7,61,130	
69,156,7,124,164,160,111,71,16	
69,156,7,73,160,111,101	
69,156,73,116,164,16	
69,156,73,14,116,20,41	
69,156,73,88,101,16	
69,156,78,116,130,111,71	
69,156,9,118,31,164	
69,156,9,146,24,124,160,71,122	
69,156,9,162,2,146,61	
69,156,9,2,146,73,122	
69,156,9,24,117,150,20,114	
69,156,9,24,78,124,114	
69,156,9,55,24,153,122	
69,156,9,55,78,118	
69,156,9,55,78,31,14,164	
69,156,9,88,101,94,93	
69,162,146,118,7,116,122,88,101,114	
69,162,24,78,14,124	
69,162,31,116,111,114	
69,17,78,31,73,160,114	
69,2,10,78,31,61,164,130,70,101,94,93,16	
69,2,17,138,146,20,105,93	
69,2,55,1,78,150	
69,2,55,111,41,68,114	
69,2,55,160,71,122	
69,2,55,24,159,160,41	
69,2,55,31,116,16	
69,24,78,118,46,160,105,16	
69,24,78,160,70,16	
69,44,118,143,130,111,68	
69,44,138,29,146,28,82,46	
69,55,118,88,105,114	
69,55,28,78,118,93,16	
69,55,66,24,117,143,116,112	
69,73,116,164,20,16	
69,9,2,138,31,130,114,16	
69,9,55,138,124,71,93	
69,9,73,122,115,93	
7,14,143,124,164,130,122	
7,73,160,111,20,88,16	
73,14,124,112,164,70,16	
73,160,150,70,122,41,16	
73,164,160,122,20,88	
75,10,78,73,143,112,96,164	
75,111,70,41,131,16	
75,118,14,116,124,61,160,71,114,16	
75,118,73,160,49,16	
75,126,118,73,164,160	
75,126,156,118,73,143,116,114	
75,126,156,162,2,31,73,160,114,16	
75,126,156,73,41,101,105,93,16	
75,126,55,14,116,124,145,112,20,88,41,101	
75,126,62,69,55,146,1,24,99,164,20,88,41,131,105	
75,135,155,44,2,29,24,160	
75,135,156,44,55,24,112,160,111	
75,135,2,130,160,111,41,101,16	
75,135,62,69,10,143,96,164,130,160,71	
75,135,69,156,162,55,146,130	
75,135,69,156,30,114	
75,135,69,44,124,111,105	
75,14,149,116,124,112,160	
75,140,155,78,143,130,71	
75,140,156,130,71,49	
75,140,69,162,124,16	
75,155,146,7,143,116,114	
75,155,162,28,7,96	
75,155,2,146,118,130,160,114	
75,155,2,61,164,130,41	
75,156,10,159,116,124,145,130	
75,156,130,160,111,71	
75,156,155,162,138,16	
75,156,155,2,24,118,112,93,68,114	
75,156,155,73,153,164,131,114,16	
75,156,155,9,2,10	
75,156,2,28,24,118,116,41	
75,156,2,29,31,116,16	
75,156,2,29,78,46,70	
75,156,2,31,71,20	
75,156,2,7,124,160,93,16	
75,156,29,118,73,164,130,160,71,70,88,41	
75,156,44,138,78,118,153,116,130	
75,156,55,66,118,73,71,20,94,93	
75,156,78,73,143,124	
75,156,9,162,2,55,117,118,124,46,105,93	
75,160,150,70,41,131,16	
75,160,70,122,41,131,16	
75,162,2,138,24,100,88	
75,163,116,150,20,88	
75,163,140,69,155,55,1,88	
75,163,156,155,55,143,130,71	
75,163,156,2,55,118,14,20	
75,163,156,2,61,130,41,93	
75,163,156,44,2,112,130	
75,163,156,44,28,24,111,93	
75,163,156,73,61,160,115,105	
75,163,162,2,138,31	
75,163,2,29,118,7,31	
75,163,62,69,78,7,115	
75,163,69,138,78,160,88,131,114	
75,163,69,156,116,105	
75,163,69,156,155,9,143,46,105,114	
75,163,69,156,55,10,24,7,14,116,112,88,105	
75,163,69,156,9,2,55,66,146,78,14,159,143,116,124	
75,163,69,162,73,41,68	
75,163,69,164,41,131,16	
75,163,69,55,28,118,114	
75,2,73,116,61,101	
75,2,73,160,88,16	
75,24,78,31,160,41	
75,37,126,135,10,118,143,16	
75,37,126,69,162,44,2,78,14,143,124,94	
75,37,126,69,31,61,130,93	
75,37,135,100,7,73,20,88,101,114	
75,37,135,164,94,16	
75,37,155,118,143,160,71	
75,37,155,71,20,101,93	
75,37,156,146,20,115,93	
75,37,156,146,78,111	
75,37,156,9,55,130,71,16	
75,37,163,156,155,55,130,41	
75,37,163,156,164,94,114,16	
75,37,163,2,116,68	
75,37,163,62,140,69,156,155,28,24,130,20,41,105,93	
75,37,163,69,155,138,24,73,116,124,145,160,71,20	
75,37,163,69,156,146,78,31,116,112,88	
75,37,17,66,160,111,88	
75,37,62,69,156,44,55,146,78,31,16	
75,37,69,156,155,146,78,111,93	
75,37,69,156,155,2	
75,37,69,156,24,130	
75,37,69,156,9,100,78,68	
75,37,69,24,73,88	
75,37,7,31,73,88	
75,62,138,31,73,130,111	
75,62,156,9,2,118,149,70	
75,62,17,116,71,93	
75,62,2,29,118,71,16	
75,62,66,82,24,117,78,118	
75,62,69,156,146,78,124,130,71,20,93	
75,62,69,2,17,118,31,130,20	
75,69,1,24,31,96	
75,69,10,118,73,70,114	
75,69,138,78,7,96	
75,69,146,122,88,41,101,93	
75,69,155,160,71,70,88,41	
75,69,155,31,112,130,160	
75,69,156,1,118,88	
75,69,156,116,71,114	
75,69,156,155,143,94	
75,69,156,155,24,118,31,111	
75,69,156,155,55,14,124,164,160,68	
75,69,156,155,73,143,130,71,94	
75,69,156,162,2,24,111,71,122	
75,69,156,2,130,71	
75,69,156,2,138,7,130,114	
75,69,156,2,66,82,118,14,61	
75,69,156,9,2,111,20	
75,69,156,9,2,55,146,73,143,164,20,94,93,114	
75,69,2,116,124,112	
75,69,2,118,160,41,114	
75,69,2,146,130,20	
75,69,30,159,70,122	
75,69,30,159,71,70	
75,69,30,78,111,49	
75,69,66,164,70,41,131,16	
75,69,7,31,116,164,111	
75,7,111,71,122,16	
75,85,112,111,88,101	
75,85,118,143,145,160,70,88,41,101	
75,85,126,135,163,69,156,31,73,111,41,49,16	
75,85,126,135,69,156,138,130,111	
75,85,126,156,31,73	
75,85,126,162,146,118,130,111	
75,85,126,163,140,69,156,24,159,130,150,111,93	
75,85,126,2,118,116,130,160,150,131,16	
75,85,126,69,24,96,111,131	
75,85,135,163,69,156,155,130,105,93	
75,85,135,2,146,31	
75,85,138,130,160,150,111,93	
75,85,140,156,155,9,55,24,46,150	
75,85,140,69,156,55,130	
75,85,156,118,130,20,114	
75,85,156,118,31,130	
75,85,156,155,9,2,14,130,68	
75,85,156,155,9,2,55,118,73	
75,85,156,2,10,61,130,41	
75,85,156,2,118,73,153,71,93	
75,85,156,30,118,31	
75,85,156,44,159,143,130,105,16	
75,85,156,44,17,160,16	
75,85,156,78,73,130,122	
75,85,156,9,162,1,78,116,124,49	
75,85,156,9,2,78,130,160,16	
75,85,163,140,69,156,2,130,71	
75,85,163,2,116,124,130,93	
75,85,163,2,46,130,160	
75,85,163,30,100,130	
75,85,163,69,155,2,55,122,101	
75,85,163,69,156,155,2,10,146,78,7,116,164,88,101	
75,85,163,69,156,2,143,61,160,150,111,114	
75,85,163,69,156,2,29,66,82,130,114	
75,85,163,69,156,55,24,145,61	
75,85,163,69,156,82,46	
75,85,163,69,2,55,24,99,118,124,160,93,114	
75,85,164,160,111,70,131	
75,85,2,100,118,46,160,111,41,131,105	
75,85,29,99,78,94,114	
75,85,30,117,118,150	
75,85,31,160,93,16	
75,85,37,118,160,70	
75,85,37,126,135,163,69,17,20	
75,85,37,126,163,69,118,73,61	
75,85,37,126,163,69,156,9,162,55,138,24,30,130,111,93	
75,85,37,126,62,69,29,146,1,99,117,116,145,96,164,20,41,105	
75,85,37,135,130,160	
75,85,37,135,69,55,10,31,145,164,114,16	
75,85,37,138,100,160,111,105,93	
75,85,37,156,2,118,73,105	
75,85,37,163,162,2,138,66,1,78,46,111,131	
75,85,37,163,62,69,156,2,118,31,160,111	
75,85,37,163,69,41,131,16	
75,85,37,2,73,116,61,130,41,101,93	
75,85,37,2,99,160	
75,85,37,30,164,70,122,16	
75,85,37,62,69,156,2,100,20,114,49	
75,85,37,62,69,17,28	
75,85,37,69,118,150,111	
75,85,37,69,2,138,146,111,105,49	
75,85,37,69,9,44,138,30,31,153,111,105	
75,85,37,73,164,41	
75,85,55,118,131,114	
75,85,62,138,130,160,111,71,122,114	
75,85,62,156,78,61	
75,85,62,69,73,130,114	
75,85,69,150,111,93	
75,85,69,156,155,2,55,10,29,66,116,160,150,111,41,114	
75,85,69,156,155,55,78,124,122,20,93,16	
75,85,69,156,155,9,2,29,118,153	
75,85,69,156,2,17,146,130,49	
75,85,69,156,2,82	
75,85,69,156,9,118	
75,85,69,44,2,73,88,131	
75,85,7,111,93,16	
75,9,2,29,118,143,130	
75,9,73,116,124,131,114	
75,96,160,122,88,131,114	
78,118,164,70,41,16	
78,31,14,143,61,164,160,131,105	
78,73,71,70,20,41,114	
8,126,135,156,2,118,114,49	
8,126,140,69,156,9,55,24,99,143,164,111	
8,126,156,155,9,99,61,130	
8,126,163,62,69,10,29,66,78,118,73,101,16	
8,126,69,156,162,2,24,115,68,114	
8,135,163,156,162,31	
8,135,163,62,14,160,71,122	
8,135,2,153,149,130,150,105	
8,140,69,156,162,2,55,1,78,31,61,160,111	
8,156,118,46,111,88,41,114	
8,156,118,7,116,114	
8,156,118,73,61,88,41,105,114,16	
8,156,155,118,61,71	
8,156,155,118,73,61,105	
8,156,155,2,24,78,118,164,71	
8,156,2,10,24,7,112,111	
8,156,24,31,73,164	
8,156,9,2,66,78,118,7,143,150	
8,162,24,159,20,16	
8,163,118,31,73,143,93,114	
8,163,140,155,29,78,130	
8,163,140,55,146,143,116,145,96,111	
8,163,140,69,156,155,118,31,71,20,49	
8,163,140,69,156,155,9,55,118,73,116	
8,163,140,9,118,71	
8,163,156,118,73,143,130,160,70	
8,163,156,155,2,160,114	
8,163,156,44,2,17,146,160,41	
8,163,156,73,160,88,131	
8,163,160,111,94,114	
8,163,2,55,24,145	
8,163,62,140,156,118,143,130,88	
8,163,69,116,122,88,114	
8,163,69,117,73,116,124,61,164,71,49	
8,163,69,155,2,118,14	
8,163,69,156,155,10,66,78,149,164	
8,163,69,156,162,2,118,116,160,88,131	
8,163,69,156,2,55,146,61,93	
8,163,69,156,78,105	
8,163,69,156,78,118,31,160,111,68,16	
8,163,69,156,9,78,160,111	
8,163,69,160,71,105	
8,163,69,24,117,78	
8,163,69,24,99,118,124	
8,163,69,55,118,71	
8,163,69,7,160,41,114	
8,2,118,61,93,68,114	
8,2,146,30,61,114	
8,2,7,14,160,111,71	
8,37,156,155,9,116,61,164,88	
8,37,156,155,9,2,7,94	
8,37,163,156,10,71,94	
8,37,163,156,2,14,70	
8,37,62,156,116,160,111,93	
8,37,69,156,118,73,160	
8,37,69,156,24,118	
8,62,69,55,78,73,14,111,70,114	
8,64,135,163,62,69,162,2,30,118,124,61,160,111,122,115	
8,64,156,10,118,116	
8,64,156,9,2,146,96,61,160,41	
8,64,163,69,155,9,162,2,146,30,73,160,93,114	
8,64,37,135,69,118,153,112,93	
8,64,37,163,156,44,2,55,149,124	
8,64,69,118,124,105,114	
8,64,69,118,31,130,160,71,70	
8,64,75,85,163,62,69,156,9,55,14	
8,64,85,163,62,69,156,155,2,55,29,1,24,118,7,159,143,164,71,20,41,93	
8,64,85,37,163,140,69,156,155,55,66,118,31,143,88,115	
8,64,85,37,69,156,44,2,99,118,73,111	
8,69,138,116,111,114	
8,69,156,118,143,116,164,105,114	
8,69,156,2,31,114	
8,69,156,31,73,122,16	
8,69,156,78,116,96,130,71,114	
8,69,2,17,118,14,116,61,130,111	
8,69,44,2,55,146,7,111,71,41	
8,69,55,28,143,114	
8,75,126,135,44,2,29,118	
8,75,126,163,118,41	
8,75,135,156,2,138,82,73,115,94,49	
8,75,135,163,31,94	
8,75,135,31,124,164	
8,75,146,100,14,116,124,112,122	
8,75,155,78,14,116,112,20	
8,75,156,2,118,130	
8,75,156,78,118,73,111	
8,75,159,160,111,68,16	
8,75,163,130,160,111,49	
8,75,163,149,70,105	
8,75,163,155,2,55,30,149,143,111,88,68	
8,75,163,156,118,73,164	
8,75,163,156,130,114	
8,75,163,2,55,31,93,114	
8,75,163,62,9,66,118,111	
8,75,163,69,118,124,111	
8,75,163,69,156,2,78,73,153,124,160,111	
8,75,163,69,162,55,143,111,93,114,16	
8,75,2,73,145,164,131	
8,75,37,163,156,153,159,160,111,131,49,16	
8,75,37,163,69,55,116,46,61,16	
8,75,37,163,69,73,14,70	
8,75,37,2,118,14,116,145,130	
8,75,37,2,146,7,105,68,16	
8,75,62,140,69,156,2,55,82,31,46,130,105	
8,75,69,156,78,118,31,164,160,122,16	
8,75,69,44,29,28,118,116,130,111	
8,75,78,122,20,93	
8,75,85,156,2,116,46,93	
8,75,85,156,44,24,118,31,96	
8,75,85,163,69,156,55,146,118,159,112,94	
8,75,85,163,69,96	
8,75,85,163,99,160,70	
8,75,85,2,138,24,118,130	
8,75,85,37,135,163,69,156,162,29,118,14,124,96,160,71,41,93,114	
8,75,85,37,162,146,118,41	
8,75,85,69,28,130,160	
8,75,9,118,143,116,101,94,114	
8,85,118,88,41,16	
8,85,140,156,9,2,55,29	
8,85,163,140,69,156,2,66,118,31,130,71,122,16	
8,85,163,156,118,130,122	
8,85,163,2,31,70,114	
8,85,163,62,69,160	
8,85,163,69,156,9,78	
8,85,163,69,2,29,82,1,61,122,93,68,16	
8,85,163,69,9,118,130,105	
8,85,24,96,130,160	
8,85,37,126,163,28,118,7,73,149,61,160,150	
8,85,37,163,69,156,2,55,1	
8,85,62,156,155,2,118,31,46,130,111,70,20	
8,85,62,69,156,155,9,44,2,78,7,73,16	
8,85,69,156,146,118,130,68	
8,9,2,55,30,31,164,131	
8,9,24,117,118,164,114,16	
82,24,164,160,111,122	
85,126,135,69,156,155,162,2,55,99,73,112,130,150,111,70,49	
85,126,138,96,164,122	
85,126,156,73,160,88,101,16	
85,126,163,69,118,71	
85,126,2,24,99,118,124,160,94	
85,126,30,31,130,160,16	
85,126,62,69,2,78,143,96,122,88,101	
85,126,69,156,31,73,111,20,49	
85,126,69,9,17,73	
85,135,118,73,116,164,16	
85,135,156,155,44,31	
85,135,156,7,116,111,105,93,16	
85,135,163,155,138,130,160	
85,135,163,156,155,2,55,29,66,93	
85,135,163,156,2,146,118,130,160	
85,135,163,69,130,16	
85,135,163,69,155,2,138,78,116,130,160,122,114	
85,135,163,69,156,146,30,7,160,122,93,16	
85,135,163,69,2,118,16	
85,135,163,69,2,146,118,160,16	
85,135,2,78,31,160,131	
85,135,55,118,96,164,160,20	
85,135,62,155,2,164,160,111,101	
85,135,69,155,9,138,66,78,118	
85,135,69,156,155,2,146,31	
85,135,69,156,2,55,24,164,130,160,122,20,101	
85,138,73,41,93,16	
85,140,156,2,55,160	
85,146,1,118,7,112,20	
85,156,118,153,116,111,20,114	
85,156,146,24,118,41,131,49	
85,156,146,28,118,16	
85,156,146,78,118,7,14,116,61,130,71,105,93	
85,156,155,130,105,93	
85,156,155,146,78,111	
85,156,155,44,31,73	
85,156,155,78,130,150,70	
85,156,17,160,122,101,114	
85,156,17,28,73,88,101	
85,156,17,7,149,16	
85,156,2,118,73,164	
85,156,2,118,73,88	
85,156,2,153,130,160	
85,156,2,17,31,114	
85,156,2,55,118,130,71	
85,156,2,55,30,118,88,114	
85,156,2,73,160,150	
85,156,2,99,130,160,105,93	
85,156,28,31,14,124	
85,156,30,117,118,160,71,115,94,49	
85,156,44,111,20,41,114	
85,156,55,29,78,118,116,130,111	
85,156,61,164,130,160,150,111,16	
85,156,66,118,61,130	
85,156,66,118,73,46,49	
85,156,7,31,150,71	
85,156,78,118,130,105	
85,156,78,31,160,70	
85,156,78,73,116,164,105	
85,156,9,162,149,61,111,88	
85,156,9,162,73,160,150,105,16	
85,156,9,2,10,24,78,118,73,116,130,105,16	
85,156,9,2,118,101	
85,156,9,2,29,1,30,73,160	
85,156,9,2,31,73	
85,156,9,2,55,10,78,93	
85,162,130,160,71,93	
85,162,138,146,24,31,150	
85,162,2,138,78,118,31,46,115,41	
85,162,2,29,146,118,31,46,111	
85,162,2,78,143,111	
85,163,140,156,44,55,14,105	
85,163,155,149,160,93	
85,163,156,118,130,93,68	
85,163,156,118,71,88	
85,163,156,155,9,2,164	
85,163,156,2,118,88,93,114	
85,163,156,2,55,118,116,124,130	
85,163,156,2,55,78,118,116,130	
85,163,156,2,78,31,73,124,164,160,88,131	
85,163,156,24,112,164	
85,163,156,24,78,31,153,70	
85,163,156,55,24,78	
85,163,156,9,162,44,2,130	
85,163,156,9,2,24,78	
85,163,156,9,78,31,111	
85,163,164,130,131,16	
85,163,2,146,28,31,122,88,131	
85,163,29,28,116,130,160,150	
85,163,62,69,9,55,7,130,160	
85,163,69,117,118,14,122,88,131	
85,163,69,130,160,71,41,105	
85,163,69,155,162,29,24,99,117,118,112,111,114,16	
85,163,69,156,2,10,78,118,116,130	
85,163,69,156,2,159,143	
85,163,69,156,99,149,46,160,122	
85,163,69,2,55,118,116,160,114	
85,163,69,55,31,20	
85,163,69,55,82,118	
85,163,69,78,7,31,46,160,111	
85,163,69,9,2,55,146,116,130,114	
85,164,160,150,70,88,41	
85,2,118,73,164,130,114	
85,2,138,146,28,118,73,116,88,105	
85,2,138,146,28,7,124	
85,2,17,118,88,16	
85,2,17,138,111,105	
85,2,17,66,30,118,130,16	
85,2,28,118,130,160,150	
85,2,29,31,116,130,160,131,114	
85,2,55,29,164,160,111	
85,2,7,160,111,131,93	
85,24,118,153,71,88	
85,30,100,122,20,41	
85,31,116,61,94,114	
85,37,118,164,111,131	
85,37,118,73,130,111,114	
85,37,126,153,130,160	
85,37,126,156,9,55,24,112	
85,37,126,163,140,2,112,49,16	
85,37,126,99,118,73,160,150,122,20,101,93	
85,37,135,156,118,96,41	
85,37,135,156,9,2,55,20,115,93	
85,37,138,124,61,164,20,41,105	
85,37,138,146,149,112,61,130,71,122,16	
85,37,156,118,164,105	
85,37,156,118,31,160	
85,37,156,118,73,111,122,94	
85,37,156,146,117,118,130,88,93,68	
85,37,156,146,24,99,130,16	
85,37,156,2,30,118,160,131	
85,37,156,2,99,117,78,73,14,116,164,115,93,16	
85,37,156,66,30,7,105,114	
85,37,156,9,2,24,30,7,150,71,105	
85,37,156,9,2,30	
85,37,156,9,2,31,73	
85,37,163,155,9,41	
85,37,163,156,2,118,61,105,16	
85,37,163,156,2,17,78,7,160	
85,37,163,2,55,146,130,114	
85,37,163,62,69,156,55,150,111,122,94,16	
85,37,163,69,156,130	
85,37,163,69,156,162,2,138,112,46,88	
85,37,163,69,156,28,78,31,61,71	
85,37,163,69,156,9,2,130,122,114	
85,37,163,69,162,55,29,73,16	
85,37,163,9,2,14,116,124,130,114	
85,37,163,94,68,114	
85,37,164,160,111,122	
85,37,2,24,73,71	
85,37,2,30,118,130,160,114	
85,37,28,118,150,111,131	
85,37,62,69,156,78,124,145,160,105,93	
85,37,69,146,160,71	
85,37,69,156,100,73,105,49	
85,37,69,156,93,68	
85,37,69,156,99,73	
85,37,69,24,99,31,73,14,96,164,160,150,111	
85,37,69,44,2,55,138,116,124,88	
85,37,69,9,17,73,160,88	
85,44,138,31,124,164,130,160,111,71,16	
85,44,17,130,111,122,93,114,16	
85,44,78,118,130,160,111	
85,55,130,160,71,49	
85,55,138,149,143,122,131	
85,61,130,160,71,105	
85,62,156,146,82,130,160	
85,62,156,55,116,160	
85,62,69,156,44,96	
85,62,69,156,46,160,111,41,114	
85,69,118,116,160,71,122	
85,69,118,7,71,49	
85,69,155,55,153,111,41,16	
85,69,156,1,31,160,150,71	
85,69,156,111,20,16	
85,69,156,155,2,10,78	
85,69,156,162,130,160,70	
85,69,156,162,29,160,71,93	
85,69,156,162,7,130,150,115	
85,69,156,2,10,66,24,99,73,164,111,105	
85,69,156,2,118,112,20,41,114	
85,69,156,2,146,78,124,111,93	
85,69,156,24,73,115	
85,69,156,29,117,31,73,153,61,160,93,114,16	
85,69,156,30,7,160,114,49,16	
85,69,156,31,116,88	
85,69,156,66,117,159,130	
85,69,156,9,100,78,112	
85,69,156,9,117,118,116	
85,69,156,9,2,24,117,118,160,88,131	
85,69,156,9,44,2,55,146,118,73	
85,69,156,9,55,71	
85,69,2,111,71,114	
85,69,2,24,116,96,61,94,49	
85,69,2,78,118,73,153,143,116,164,130,160,88,131	
85,69,24,7,73,124,160,16	
85,69,44,124,111,71,41	
85,69,55,138,24,143,116,111	
85,69,55,17,66,146,14,160,20	
85,69,73,20,88,41,101,16	
85,69,9,162,29,7,160,111	
85,9,2,118,31,130,71	
89,102,10,66,164,160,20,41	
89,102,126,69,130,150,16	
89,102,126,69,138,30,118,88,41,131	
89,102,129,69,156,155,55,146	
89,102,156,118,111,41,131,16	
89,102,156,162,116,112,130	
89,102,163,69,10,29,71,20	
89,102,163,69,156,2,118,73,116,130,16	
89,102,165,129,85,69,156,155,2,146,24,78,118,31,153,131,114	
89,102,165,155,138,1,112,130,111	
89,102,165,53,85,37,126,69,156,155,55,30,100,99,78,73,160,94	
89,102,2,124,150,68	
89,102,29,100,118,116	
89,102,30,122,20,88,16	
89,102,37,156,44,2,66,118,73,116,122,16	
89,102,37,156,9,44,2,29	
89,102,37,2,10,29,118,7,31,73,160,70,114,16	
89,102,37,62,69,66,7,130,16	
89,102,53,64,75,156,155,2,55,29,66,146,30,31	
89,102,53,69,156,162,55,153,111,122,20	
89,102,53,8,64,85,37,135,69,9,162,2,29,153,46,130,150,88,41	
89,102,64,156,160,114	
89,102,69,156,9,146,28,73	
89,102,69,17,1,118,160,71,41,131	
89,102,75,126,135,44,30,78,61,164,130,160,111,88,105	
89,102,75,163,69,156,10,28,24,143,116,160,111,71,41	
89,102,75,69,155,66,78,118,31,116,160,131	
89,102,75,85,135,156,55,29,73,124,112	
89,102,8,163,138,160	
89,102,8,75,135,2,118,61,41,101	
89,102,85,156,155,28,118,159,116,61,111,71,41,93	
89,102,85,156,2,118,20,93,114	
89,102,85,37,69,156,9,162,7,111	
89,102,9,160,115,16	
89,118,124,130,160,111	
89,118,130,160,114,16	
89,118,160,70,101,16	
89,126,155,9,2,55,17,138,29,28,118,73,41	
89,126,29,146,99,122,88,93	
89,129,126,156,146,99,78,96,160,41,16	
89,129,135,156,155,55,160,111,41	
89,129,135,163,69,44,118,164,130,111,114	
89,129,140,69,156,55,29,78,118,31,116,160,88	
89,129,156,28,24,118,159,116,124,96,105	
89,129,163,69,2,55,118,73	
89,129,37,126,135,163,62,69,156,155,55,99,118,116,130,70,105	
89,129,37,135,69,162,2,24,30,31,153,160,70	
89,129,53,163,69,156,118,111,70	
89,129,53,69,156,155,2,116,111,71	
89,129,53,75,135,163,9,2,55,24	
89,129,53,8,163,69,2,1,41	
89,129,53,8,75,85,156,28,30,78,31,153,160,41	
89,129,62,69,155,2,17,66,24,78,7,130,160,111,71,70,88,41,131	
89,129,64,37,135,69,156,162,44,138,78,122	
89,129,64,69,156,44,55,7	
89,129,69,10,24,160,16	
89,129,69,156,2,118,160,105,93,16	
89,129,69,156,2,146,31,160	
89,129,69,156,55,66,30,118,164,115	
89,129,69,156,55,78,118	
89,129,75,135,163,9,17	
89,129,75,37,163,69,156,2,55,78,7,160,16	
89,129,75,37,2,24,78,118,73,20,88,114	
89,129,8,163,69,9,2,146,99,114	
89,129,8,37,163,62,2,10,1,116,164,130,160	
89,129,8,64,75,126,163,156,155,55,14,164,122,41,105,93	
89,129,8,69,155,162,55,138,10,30,31,149,143,96,101	
89,129,8,75,85,163,62,140,69,156,155,9,2,30,78	
89,129,85,126,135,99,150	
89,129,85,135,163,62,156,155,2,66,78,20,114	
89,129,85,163,156,2,131	
89,129,85,62,69,162,55,138,146,73,130,160,88,16	
89,135,9,2,55,146,24,111,93,16	
89,135,9,55,20,101	
89,138,31,143,70,16	
89,138,73,116,61,88	
89,138,78,7,160,115	
89,146,1,118,116,160	
89,146,78,118,46,61,160,150	
89,150,111,70,122,16	
89,155,118,96,160,111,88	
89,155,44,99,164,122	
89,156,1,118,73,96,130,16	
89,156,118,160,122,20,88,131	
89,156,138,118,124,70,16	
89,156,153,14,111,93	
89,156,155,146,96,111,20	
89,156,155,78,7,116,131,16	
89,156,162,17,24,78,31,73,116,164,160,71	
89,156,2,118,31,49	
89,156,2,164,111,71,93,16	
89,156,2,29,118,164,160,70,101	
89,156,2,31,130,160	
89,156,2,55,73,111,131	
89,156,2,66,78,31,122,88,41,114	
89,156,2,73,130,160,71,70	
89,156,24,30,78,118,111,115	
89,156,29,118,31,71	
89,156,78,124,164,93,114,16	
89,162,29,31,94,49,16	
89,162,78,118,160,71,122,93	
89,163,124,111,71,122,16	
89,163,155,143,96,71,16	
89,163,156,118,31,116,160,20,115	
89,163,156,44,2,118,73	
89,163,162,73,14,124,160,115	
89,163,2,31,160,131	
89,163,24,30,118,130	
89,163,62,140,69,138,66,146,24,118,130,160,71	
89,163,62,2,118,94	
89,163,62,69,156,44,29,24,118	
89,163,69,155,78,118	
89,163,69,156,143,114	
89,163,69,156,155,55,28,124,112,164,130,160,111,122,20,131,93	
89,163,69,156,160,131	
89,163,69,156,162,160,88,16	
89,163,69,156,2,17,31,111	
89,163,69,156,9,2,66,7	
89,163,69,162,2,55,29,78,7,73,130,111	
89,163,69,24,118,7,112,71,94	
89,163,69,29,66,153,143,112,46,41,93,114	
89,163,7,153,160,93	
89,163,9,2,55,29,28,78,143,160,131,114	
89,165,118,160,111,16	
89,165,118,31,160,70,16	
89,165,118,70,88,16	
89,165,126,163,69,118,70	
89,165,126,69,2,10,78,118,116,160,41	
89,165,129,163,69,156,122	
89,165,129,37,156,162,55,28,78,118,7,96,160,111,122,20,88,49	
89,165,129,53,69,29,31,114,16	
89,165,129,64,85,140,69,99,7,160	
89,165,129,8,75,163,140,156,155,78,164,20,88	
89,165,135,156,55,7,111,20,88	
89,165,135,62,69,10,66,146,1,30,78,118,16	
89,165,140,69,10,116,61,16	
89,165,156,118,115,16	
89,165,156,146,160,115	
89,165,156,9,162,2,31	
89,165,162,118,160,70	
89,165,163,69,156,44,2,73,88	
89,165,31,130,160,70,16	
89,165,33,75,85,37,163,62,140,69,156,9,2,55,10,146,24,31,73,153,116	
89,165,37,69,122,93	
89,165,37,69,2,118,31,130,160,111,114	
89,165,53,156,155,55,24,117,7,31,73,164	
89,165,53,163,69,29,116,61,164	
89,165,53,75,9,138,31,124,160,111	
89,165,53,8,163,69,138,14,94,16	
89,165,69,156,2,118,160,71,41,114	
89,165,69,2,55,78,153,130,160,71,114,16	
89,165,69,31,130,70,16	
89,165,69,9,29,78,118,73,61,130,160,114,16	
89,165,75,2,66,30,160,111,93,114	
89,165,75,2,99,118,31,96,114	
89,165,85,118,116,130,71,105,16	
89,165,85,37,73,124,164,49	
89,165,85,69,156,2,118,130,160,71,114	
89,17,118,150,88,16	
89,17,29,118,101,16	
89,17,29,118,160,16	
89,2,73,116,160,71	
89,24,78,160,111,93,49	
89,29,118,160,70,16	
89,29,118,31,111,70,88,16	
89,33,37,9,2,24,7,46,160,111,105	
89,33,64,126,69,156,9,162,2,10,24,164,20	
89,33,69,2,31,143,105,16	
89,33,75,69,156,155,9,55,99,118,73,160,114	
89,33,8,163,78,118,14,159,150,93	
89,33,8,75,140,14,116,130	
89,33,85,126,69,156,9,2,153,112,61,130,20,41	
89,37,118,73,160,111,70,122,131,105	
89,37,135,156,155,55	
89,37,135,156,9,162,44,2,55,10,29,78,118,124,20	
89,37,138,145,61,114	
89,37,143,61,130,160,71	
89,37,156,118,14,143,160	
89,37,156,118,160,16	
89,37,156,2,29,146,73,160,16	
89,37,156,29,24,30,93,16	
89,37,156,7,149,143,124,130,160,71	
89,37,156,9,2,29,118,130,105	
89,37,163,140,156,28,1,160	
89,37,163,146,82,7,31,116,130,160,88,16	
89,37,163,156,118,116,130	
89,37,163,156,118,73,164	
89,37,163,156,155,78,31,112,111,20,41	
89,37,163,156,2,149,130,111	
89,37,163,62,156,155,162,10,146,82,78,149,143,46,96,150,71,41,105	
89,37,163,69,156,2,73,160,93,16	
89,37,28,30,73,153	
89,37,62,61,71,114	
89,37,69,156,155,162,44,2,55,66,1,143,112,20,41,131	
89,37,69,156,66,118,46,131,93	
89,37,69,2,111,16	
89,37,69,2,66,78,118,130,114	
89,37,69,66,31,143,105	
89,37,9,160,70,115,16	
89,44,118,130,160,70,16	
89,53,126,156,118,73,160,101	
89,53,135,163,156,9,24,31,124,160,111,41,101,105,93	
89,53,135,69,156,118,31,116	
89,53,156,2,118,31,93,16	
89,53,163,69,156,155,2,55,29,124,164	
89,53,2,46,122,16	
89,53,29,7,160,88	
89,53,64,75,69,156,10,78,118,124,61,41	
89,53,64,85,37,156,2,29,24,7,164,130,111,20,101,105,49	
89,53,69,100,118,153,130,105,114	
89,53,69,118,96,101,16	
89,53,69,162,2,143,160	
89,53,75,130,160,150,70	
89,53,75,135,55,160,111	
89,53,75,162,7,68	
89,53,75,163,69,9,10,66,146,117,159,143,164,111,41	
89,53,75,85,37,163,156,155,9,2,29,66,24,100,31,116,112,61,160,111,41,105,93	
89,53,8,135,163,156,155,118,61,130,114	
89,53,8,156,118,116	
89,53,8,163,155,2,118,31,73,143	
89,53,8,37,126,69,156,155,9,2,73,130,105,93	
89,53,8,64,126,163,69,162,118,93	
89,53,8,64,163,156,155,162,149,61,41,16	
89,53,8,85,126,69,156,117,78,160,41	
89,53,8,85,163,62,69,138,29,130,160,88,93,114	
89,53,8,85,69,156,44,55,130,94,105,93	
89,53,85,163,140,156,9,2,55,114	
89,53,85,163,69,156,9,118,160	
89,53,85,69,156,2,55,146,7,112,20,49	
89,53,85,69,2,24,118,130	
89,53,85,69,2,71,68	
89,53,85,69,44,138,160	
89,62,118,160,93,16	
89,62,9,2,78,164	
89,64,126,55,78,143,93,114	
89,64,135,138,61,160,122,93	
89,64,156,118,143,96,105	
89,64,156,155,9,28,73,16	
89,64,156,162,118,94	
89,64,156,28,24,118,7,20	
89,64,163,156,78,7,153	
89,64,163,62,93,114	
89,64,37,163,156,41	
89,64,37,69,44,1,24	
89,64,62,69,118,164	
89,64,69,118,149,16	
89,64,69,2,146,130,160	
89,64,69,2,29,31,124,111,70,93,114	
89,64,75,156,149,160,94,105	
89,64,75,156,2,7	
89,64,75,163,156,2,118	
89,64,75,69,162,2,30,7,111,20,41,131	
89,64,75,85,37,69,155,138,82,73,149,112,46,61,41,49	
89,64,85,156,29,118,143,160	
89,64,85,163,156,138,78,118,153,116,96,160,111	
89,64,85,37,156,17,24,30,7,149,96,130,111,20,101,94,114	
89,64,85,37,69,29,66,100,118,31,73,93	
89,64,85,62,69,155,2,7,31,116,61	
89,66,118,20,93,68	
89,69,117,73,111,20	
89,69,118,160,122,20	
89,69,118,31,116,124,130,70,16	
89,69,118,46,164,160	
89,69,149,143,116,164,70,93,16	
89,69,155,73,160,68	
89,69,155,9,55,66,14,150,111,122	
89,69,156,118,145,115,16	
89,69,156,138,24,100,16	
89,69,156,155,61,122,20,88,41	
89,69,156,162,44,2,55,31,130,160,20,115	
89,69,156,162,78,118,7,130,160,41,94,16	
89,69,156,2,24,159,61,150,111,71,122	
89,69,156,29,7,112,96	
89,69,156,55,78,73,130,160	
89,69,156,66,30,99,31,73,122,16	
89,69,156,9,66,160,131,114	
89,69,162,2,138,146,24,118,31,73,101	
89,69,162,2,66,130,111,16	
89,69,162,78,73,93	
89,69,2,1,118,130,160,70,16	
89,69,2,118,160,70	
89,69,2,130,160,70,16	
89,69,2,55,146,160,105	
89,69,2,96,130,16	
89,69,29,118,164,160,16	
89,69,31,150,111,41,131	
89,69,55,99,78,118,164,130,114	
89,69,9,2,10,31,111	
89,69,9,2,55,24,118	
89,73,160,122,114,16	
89,75,126,9,118,31,71	
89,75,135,2,55,78,118,46,122,114	
89,75,135,55,118,70,101,93	
89,75,135,69,156,155,55,31,145,164,130,71,88	
89,75,135,69,156,2,55,146,24,78,73,116,145,41,131,93	
89,75,135,69,66,118,130	
89,75,155,2,31,116,111,105,114	
89,75,155,78,118,116,160	
89,75,156,138,82,24,130,111	
89,75,156,146,28,24,118,73,111	
89,75,156,2,118,130,160,93	
89,75,156,2,17,149,88	
89,75,156,29,30,7	
89,75,156,73,130,160,71,70	
89,75,160,111,122,93	
89,75,163,62,9,2,55,71	
89,75,163,69,118,160,111,71	
89,75,163,69,156,118,31,61,130	
89,75,2,164,160,70,68	
89,75,2,73,160,93,114	
89,75,2,78,118,160	
89,75,37,1,31,16	
89,75,37,156,146,78,73,124,111,41	
89,75,37,156,162,78,31,116	
89,75,37,156,9,78,116,114	
89,75,37,163,140,69,9,2,10,61,16	
89,75,37,163,69,156,2,55,24,73,160,111,105	
89,75,37,2,17,29,124,130,160,115	
89,75,62,69,156,29,146,114	
89,75,69,156,55,29,146,78,118,73,124,112	
89,75,69,162,2,55,66,7,153,61,130	
89,75,69,2,55,30,149,164,130,16	
89,75,69,2,66,73,46,160	
89,75,69,55,24,116,71,105	
89,75,69,66,146,117,164,114	
89,75,69,82,112,130,94,114	
89,75,85,126,69,155,9,44,2,31,14,111,88,131,16	
89,75,85,135,163,69,149,143,164,160,111,71,93	
89,75,85,156,130,101,94,114	
89,75,85,163,44,31,16	
89,75,85,163,69,156,2,55,28,118,73,164,115,114	
89,75,85,37,126,130,160,71,115	
89,75,85,37,14,112	
89,75,85,37,2,73,130,20	
89,75,85,37,69,156,155,28,73,130,122,20,41,105,93	
89,75,85,69,156,155,55,66,78,68	
89,75,85,69,156,2,118,130,160,41,114	
89,75,85,69,9,73,160,41,105	
89,75,85,9,162,28,116,160,70,93	
89,78,118,164,70,93,16	
89,8,135,163,69,156,155,29,118,7,31,73,160,111,41,93,114	
89,8,156,118,73,111	
89,8,163,156,155,9,2,146,118,116	
89,8,163,69,7,73,160,16	
89,8,163,69,9,160,88	
89,8,37,126,163,69,156,9,44,2,29,146,82,30,7,73,131	
89,8,37,156,146,7,31,105	
89,8,64,2,10,146,78,118,73	
89,8,64,37,163,140,69,2,1,118,68	
89,8,64,69,156,155,78,71	
89,8,69,100,78,116,124,112,164,16	
89,8,75,2,31,116,160,20,105,93,49	
89,8,75,62,69,156,162,117,31,46,160	
89,8,75,69,156,44,55,17,66,118	
89,8,75,85,135,163,156,7,31,111,71	
89,8,75,85,163,69,156,1,143,112,96,41,114	
89,8,85,163,69,156,31,114	
89,8,85,37,135,163,69,156	
89,8,85,62,24,78,7,153,124,112,164	
89,8,85,69,155,2,138,29,145,114	
89,85,126,135,69,73,160,93,16	
89,85,126,69,28,30,78,7,122,114	
89,85,135,156,155,118,124	
89,85,135,156,155,162,73,160,111,20,105	
89,85,135,69,156,9,1,118,14,116,124,115,41	
89,85,135,69,162,100	
89,85,153,160,122,16	
89,85,155,2,118,73,130,160,114	
89,85,155,30,149,111	
89,85,156,10,31,111	
89,85,156,162,44,2,10,29,99,7,164,160,122,20,41,93,114,16	
89,85,156,2,28,73,116,164	
89,85,156,2,55,7,130	
89,85,156,28,24,78,118,7,159,160,94,93,16	
89,85,156,44,2,7,160,111,16	
89,85,156,55,82,160	
89,85,156,9,44,55,118	
89,85,163,140,156,143	
89,85,163,156,2,73	
89,85,163,62,69,156,7	
89,85,163,69,146,96	
89,85,163,69,156,24,78,14,116,124,112,46,130,114	
89,85,163,69,66,111,20,88	
89,85,163,69,9,2,29,146,82,24,78,130	
89,85,2,30,61,130,160,71,88	
89,85,2,30,99,31	
89,85,37,118,73,116	
89,85,37,135,69,156,155,9,55,61,122,49,16	
89,85,37,156,10,28,7,73,153,143,160,150,20,88,41,94,93	
89,85,37,163,156,2,118,73,143,164,101,16	
89,85,37,163,55,73,61,71	
89,85,37,69,155,9,162,44,2,55,10,24,118,7,31,73,149,145,111,122,88,115,41,16	
89,85,37,69,156,9,162,2,55,146,31,94	
89,85,37,82,99,118,160,131,16	
89,85,37,9,17,71	
89,85,44,130,160,71	
89,85,62,69,44,118,130	
89,85,69,155,29,78,118,31,93	
89,85,69,155,44,55,28,99,7,160,111,122	
89,85,69,156,2,164,16	
89,85,69,156,24,118,7,31,143,124	
89,85,69,156,78,94	
89,85,69,17,28,118,160	
89,85,9,2,130,20,105,16	
89,9,2,146,31,73,164,93	
89,9,30,78,115,94,49,16	
9,146,118,14,116,61,164	
9,146,153,115,101,16	
9,162,160,111,131,105,16	
9,162,160,122,88,115,41,16	
9,162,2,7,20,16	
9,164,160,71,41,131,16	
9,17,146,118,73,160,115	
9,2,1,31,116,124	
9,2,7,31,14,16	
9,2,73,130,111,68,49	
9,28,118,73,96,111	
9,30,73,20,88,93	
9,55,78,14,150,114	
9,7,73,160,122,88,41	
99,124,164,130,160,111,16	
99,78,118,130,160,71,16	
