1,118,130,160,115	
10,118,31,114,16	
10,146,118,160,101	
10,30,78,118,61	
10,66,130,160,106,88,41,134	
100,124,115,151,131	
102,126,135,66,28,20,88,50,49,16	
102,126,136,99,26,7,143	
102,129,163,62,69,2,55,29,24,30,99,114	
102,129,33,8,62,156,155,26,78,73,63,124,15,164	
102,129,53,163,156,55,118,124,160,88,41,83,151,93	
102,129,69,156,24,83	
102,129,69,28,7,94	
102,129,75,135,62,156,9,2,24,118,116,160,106,115,131,144,22	
102,129,75,37,140,69,155,93	
102,129,75,69,156,2,55,71,41,49	
102,129,75,85,135,163,69,156,2,55,17,10,29,118,73,153,143,111	
102,129,75,85,2,55,78	
102,135,163,156,55,31,73,71,93	
102,135,62,156,44,2,55,146,1,73,153,41,83,105,119	
102,138,146,164,130,93	
102,140,69,9,2,146	
102,155,2,66,99,78,150,111	
102,156,118,130,57	
102,156,136,118,88,114	
102,156,155,9,162,44,2,10,31,73,111,41,16	
102,156,162,118,150,88,22	
102,156,162,28,130,160,111,41	
102,156,162,28,78,7,96,164,83,132,105	
102,156,2,160,167	
102,156,28,7,153,130,160,111,4,104,16	
102,156,29,130,93	
102,156,29,136,31,96,71,16	
102,156,66,116,164,111	
102,156,66,30,118,159,145,112,46,71,50	
102,156,78,130,71	
102,156,78,73,143,112,104,151	
102,162,2,28,160	
102,162,30,117,7,168,160,20,101,105,114,16	
102,163,140,156,9,2,66,118,94	
102,163,155,130,57	
102,163,155,138,118,149,124,164,160	
102,163,156,155,55,66,118	
102,163,156,9,2,30,78,7,21,14,149,124,141,104	
102,163,62,140,146,49	
102,163,62,156,78,118,31,73,114	
102,163,62,69,156,55,10,29,66,146,82,78,63,0,93	
102,163,69,162,31,149,116,130,111,167	
102,165,129,85,135,10,82,20,18	
102,165,135,69,156,155,2,28,82,7,116,101	
102,165,156,162,44,55,29,118,160,111	
102,165,163,69,156,9,2,24,30,100,118,15,150,131,144,94	
102,165,85,37,69,2,138,28,7,153,143,116,96,164,160,106,93	
102,2,138,29,24,117,153,168,111,114,16	
102,2,73,164,88,41,50	
102,26,7,73,61,130,160,131,16	
102,28,118,7,111,70,20,88,41,101	
102,29,7,46,150,16	
102,30,118,0,164,13	
102,33,8,69,156,49	
102,33,85,156,155,30,73,21,153,61,160,88,115,83,133,16	
102,37,140,69,155,118,7,143,0,160	
102,37,156,118,114	
102,37,156,9,162,44,55,29,146,7,164,20,41	
102,37,163,69,156,55,66,78,116	
102,37,163,69,2,118,112	
102,37,2,30,130,160,93	
102,37,69,146,73,71	
102,37,78,73,153,61,114	
102,53,135,163,143,160,71,122,4,114	
102,53,156,2,66,136,118,7,31,73,41,132,93,114,16	
102,53,156,73,21,14,168,160,71	
102,53,44,168,16	
102,53,64,37,69,156,155,9,162,44,55,78,31,21,105	
102,53,66,78,118,73,124,122	
102,53,69,156,24,118	
102,53,75,37,163,69,44,17,29,24,100,143,116,46	
102,53,75,85,163,69,2,100,111,20,50	
102,55,17,78,111	
102,55,24,118,144	
102,62,55,66,71,105,16	
102,62,69,156,55,10,29,31,46,168,122,83,68	
102,62,69,31,116	
102,64,156,2,78,7,11,41	
102,64,156,28,118,73,11,111,122,151	
102,64,156,28,7,13,130,160,111,122,101,94,16	
102,64,37,155,44,2,30,118,153,149,168,88,16	
102,64,62,69,28,24,78,118,7,16	
102,64,69,156,9,1,78,118,116	
102,64,75,163,62,69,156,7,31,124,160,167,68,16	
102,69,155,55,124,160	
102,69,156,155,2,14,143	
102,69,156,162,2,149,143,0,164,160,16	
102,69,156,55,31,143,124,105	
102,69,156,78,168,150,122,105,16	
102,69,2,78,153,114	
102,69,28,118,7,31,116	
102,69,30,149,96,160,150,131	
102,69,55,66,118,160,150,41,131	
102,69,66,73,104	
102,69,9,55,10,118,20	
102,75,156,162,30,164,4,16	
102,75,156,55,118,73,88,105	
102,75,163,55,70,93	
102,75,44,2,146,118,121,50,93,49	
102,75,85,156,2,55,160	
102,75,85,37,140,69,156,2,136,31,121,111	
102,75,85,37,163,69,156,31	
102,75,85,37,28,7,16	
102,78,31,130,151,144,93,114	
102,78,73,20,88,83,68,16	
102,8,126,2,55,78,7,73,130,111,57,122,41,114,16	
102,8,155,2,82,78,130,115,49	
102,8,156,2,61	
102,8,156,55,146,99,130,83	
102,8,55,99,118,61	
102,8,69,156,78,143,124,15,130,49	
102,8,69,2,0	
102,8,75,85,146,130,114	
102,8,75,85,163,69,156,44,78,118,73,95,96,160,20,41,83,101,151,131,93,114	
102,8,85,156,9,2,118,61	
102,8,85,37,69,156,162,2,55,10,26,118,160,20,41	
102,85,121,160,70	
102,85,126,62,69,2,55,10,29,24,7,73,153,143,61,130,111,94,56	
102,85,146,28,7,131	
102,85,155,146,78,7,73,111,41,16	
102,85,155,2,28,7,160,111,101	
102,85,156,162,44,2,66,28,7,61,111,93	
102,85,156,162,44,31,73,143,115,41	
102,85,163,69,156,155,2,24,117,26,7,149,104,94,105	
102,85,17,66,88,41,83,101	
102,85,17,7,73,88,83,101	
102,85,37,126,135,69,9,162,2,118,116,83,94,93,119	
102,85,37,163,78,93,114	
102,85,37,62,69,156,155,9,2,29,63,116,15,71,104	
102,85,37,69,138,29,78,7,111	
102,85,37,69,156,2,55,136,47,99,124,112,111,122,88,105,93	
102,85,37,69,156,28,24,31,160,16	
102,85,69,156,2,47,118,14,116,105,16	
102,85,69,156,7,31,111,71	
102,85,7,73,88,101	
102,85,82,20,105,114	
102,85,99,153,151	
102,9,162,17,138,146,31,95,168	
107,1,116,95,144	
107,1,153,70,104,16	
107,102,129,156,155,28,24,7,73,160,111,167,41,49	
107,102,129,53,163,69,162,146,118,61,130,16	
107,102,156,146,28,7,16	
107,102,156,155,2,29,66,78,112,93	
107,102,156,2,118,73,67,124,160,111,93	
107,102,162,2,28,7,73,160	
107,102,163,62,156,2,118,7,31,116	
107,102,165,37,135,138,10,29,146,24,100,7,31,124,168,0,54,111,101,133	
107,102,37,69,156,10,24,118,124,112	
107,102,64,69,116,83	
107,102,69,28,118,7,164,71,20	
107,102,75,85,37,163,140,69,156,2,55,28,78,7,164,71	
107,102,8,135,69,156,2,78,73,160,71,167,18	
107,102,85,2,47,100,116,111	
107,102,85,37,126,69,156,2,29,30,100,31	
107,102,85,37,163,69,156,155,9,2,55,10,29,146,30,100,78,7,124,113,111,71,88	
107,102,85,37,69,24,78,116,160	
107,102,85,69,156,28,7,111,16	
107,116,130,167,20	
107,117,57,104,16	
107,118,130,111,105	
107,118,160,111,16	
107,118,160,114,18	
107,118,31,164,130,160,70,41,119,16	
107,118,63,70,114	
107,118,73,67,95,83	
107,126,2,146,26,118,141,130,160,104	
107,126,2,164,130	
107,126,69,44,138,31,116,130,160	
107,129,155,162,44,99,73,143,116,160,122,41,151,94,105,93,49	
107,129,163,156,78,18	
107,129,163,69,156,162,44,2,55,29,66,73,153,14,149,46,83,114,16	
107,129,33,8,156,31,73,130	
107,129,44,116,20	
107,129,53,126,163,69,156,78,31,145,114	
107,129,53,69,2,55,10,118,13,130,93	
107,129,53,75,163,156,2,31,13,144	
107,129,53,75,69,156,44,55,146,117,78,118,124,112	
107,129,53,75,85,37,163,140,69,156,44,17,29,24,21,149	
107,129,53,8,64,85,135,156,73,21,143,116,124,95,145,113,15,130,71,134,49	
107,129,53,85,163,69,2,138,1,31,73,14,95,164,111,122,20,41,144	
107,129,53,85,37,2,55,24,153,14,67,116,96,130,160,88,41,151,94,93	
107,129,64,37,69,156,155,9,55,117,26,73,159	
107,129,64,69,162,138,143,46,115	
107,129,69,156,9,14,149,122	
107,129,75,163,34,78,31,130,88,93	
107,129,8,64,85,69,155,9,44,2,55,138,24,73,14,116,0,164,111,122,83	
107,129,8,69,162,2,24,118,112,96,144	
107,129,8,75,85,163,69,9,162,55,10,146,24,30,26,78,7,153,143,13,160,111,18	
107,129,85,37,163,69,156,2,78,118,73,143,130,160,70,16	
107,135,156,159,164,119	
107,135,55,78,118	
107,135,69,156,10,78,118,31,73,16	
107,138,143,130,70	
107,138,66,136,31,73,130,144,16	
107,140,2,138,1,24,116,130,160,122,144,94,49	
107,155,118,153,150,16	
107,156,116,130,160,94	
107,156,118,116,112,71	
107,156,118,119,16	
107,156,118,164,122,133	
107,156,118,73,160,83	
107,156,130,83,131	
107,156,138,66,1,118,31,116,114	
107,156,162,7,16	
107,156,2,100,78	
107,156,2,118,116	
107,156,2,24,118,94	
107,156,2,24,164,130,71	
107,156,2,28,99,117,118,7,31,124,164,130,160,71,131	
107,156,2,78,31,116,111,70,16	
107,156,24,100,119,56,18,16	
107,156,28,99,0,105,119	
107,156,30,78,7,73,71,41	
107,156,31,115,101,16	
107,156,55,47,78,116,112,61,130,70,131,93	
107,156,7,116,71,94,49	
107,157,33,138,149,88,41,132,68	
107,157,37,156,2,17,146,24,30,31,73,113,130,160,111,133	
107,162,118,95,70,3	
107,163,118,67,124,95,61,93	
107,163,118,73,95,71,16	
107,163,130,70,105	
107,163,156,155,9,78,31,14,96,56	
107,163,156,24,164,160,20,93,56,114,16	
107,163,156,44,55,118,73,67,164,130,3,50	
107,163,34,160,105	
107,163,44,0,71	
107,163,44,118,153,130,150,16	
107,163,55,118,21,63,16	
107,163,62,1,24,11	
107,163,62,156,9,44,30,143,160,111,16	
107,163,62,69,155,78,149,70	
107,163,62,69,7,70	
107,163,69,156,55,29,30,117,14,124,164,109,16	
107,163,69,78,118,73,145,11,130	
107,163,96,160,144	
107,165,129,37,163,62,55,78,16	
107,165,129,99,78,73,149,124,164,114	
107,165,135,163,155,55,24,78,118,143,112,71,88,93	
107,165,156,155,2,146,118,73	
107,165,156,21,14,96,71,93,16	
107,165,156,55,138,66,164,88,93	
107,165,163,62,69,156,2,138,118,143,95,0,164,114,16	
107,165,37,99,31,96,15,0,52,88,114	
107,165,44,78,31,124,96	
107,165,53,126,163,55,78	
107,165,53,163,62,156,17,1,160,41	
107,165,53,75,2,55,24,26,160	
107,165,53,8,135,69,156,78,11,164,22	
107,165,53,8,64,75,163,69,156,78,31,61	
107,165,64,135,156,155,149,164,111,93	
107,165,64,75,156,146,78,73,68	
107,165,69,95,71,94	
107,165,75,37,31,96,164,83,114	
107,165,75,37,69,156,2,29,70,56	
107,165,8,69,24,7,73,145,96,61,160	
107,165,8,75,135,163,34,156,55,24,118,56,18,16	
107,165,85,135,69,156,55,78,116,150,70,122	
107,165,85,156,99,122,94	
107,165,85,62,143,112,119	
107,2,100,99,26,73,116,0,160,71,122,20,101,131	
107,2,138,24,164,160,111,57,104,16	
107,2,138,73,67,61,164,130	
107,2,17,31,83,131	
107,2,29,1,122	
107,26,73,130,71	
107,28,78,7,31,160,105	
107,33,163,69,2,118,73	
107,33,75,156,9,26,118,7,73,153,96,168,130,160,111,71,57,41,131	
107,33,85,126,163,69,156,24,30,26,73,96,168,160,150,122,115,41,94,56	
107,34,31,116,88	
107,37,10,153,104,83	
107,37,156,118,21	
107,37,163,69,156,10,146,24,63,124,15,0,164,111,20,88,41,16	
107,37,163,69,156,44,160	
107,37,163,69,9,44,136,145,56	
107,37,163,9,2,138,7,73,13,88,3	
107,37,62,156,9,2,73,11	
107,37,62,82,31,160,111,122,41,16	
107,37,66,130,41	
107,37,69,156,155,2,111,16	
107,37,69,156,155,73,160,20	
107,37,69,160,71	
107,37,69,2,136,118,7,73,164,160,88,105	
107,53,138,118,0,130,160	
107,53,140,69,155,118	
107,53,156,2,138,31	
107,53,156,73,160	
107,53,162,138,116,93	
107,53,163,156,2,100,160	
107,53,17,30,88	
107,53,2,10,124,130,160,111,16	
107,53,37,135,163,69,156,73,153,16	
107,53,37,163,69,156,44,2,146,118,31,160	
107,53,37,69,66,30,117,73,153,124,160,122,83,101,131,144	
107,53,64,37,69,156,118,7,73,11,88,41	
107,53,69,156,155,31,153,54,70,88,105,114	
107,53,69,31,96,164,114	
107,53,69,44,138,29,31,116	
107,53,7,46,160	
107,53,75,156,55,118,143,124,145,130,71	
107,53,75,163,62,69,34,61,130	
107,53,75,37,69,55,138,26,122,114	
107,53,75,69,78,73,96,160,22,114	
107,53,8,64,69,156,155,9,2,55,146,24,78,118,124,95,141,0,71,104,105	
107,53,8,85,163,69,155,118,73,164,111,41,105,114	
107,53,8,85,69,156,2,118,153,96,160,114	
107,53,85,156,55,24,100,116,114	
107,53,85,162,96,122,16	
107,53,85,163,69,156,9,44,2,117,104	
107,53,85,37,69,156,162,55,146,30,61,122,115,104,101,144	
107,53,85,37,69,55,17,7	
107,55,118,130,160,71,101	
107,55,124,111,93,114	
107,55,24,122,131	
107,62,10,7,73,63,41,114,16	
107,62,140,69,2,55,111	
107,62,155,28,118,164,71	
107,62,34,146,31,0,16	
107,62,44,145,160,16	
107,64,126,69,156,44,55,1,7,21,122,88,41	
107,64,135,62,69,156,9,162,118,115,114	
107,64,138,1,118,73,95,11,160,3,132,16	
107,64,156,118,95,164,88,151,114	
107,64,156,146,122	
107,64,156,155,9,14,159,143,124,95,122,41,151,3,132	
107,64,156,164,130,71,88,41	
107,64,156,78,118,31,116,130,18	
107,64,163,156,2,31,41	
107,64,163,69,156,9,29,28,30,99,78,130,111,71	
107,64,31,63,149,46	
107,64,37,69,44,2,29,164,101	
107,64,69,73,3,119,133	
107,64,85,163,78,11,94	
107,64,85,69,156,2,55,118,133,114	
107,69,118,7,160,57,41,94	
107,69,146,168,20,93	
107,69,155,2,10,118,114	
107,69,156,136,124,160,71,56	
107,69,156,155,118,116,11,70,94	
107,69,156,164,105	
107,69,156,2,146,118,73	
107,69,156,2,146,118,73,164	
107,69,156,9,100,78,116,71,70	
107,69,156,9,26,101,3	
107,69,156,9,78,7,168,16	
107,69,2,118,73,116,124,88,41,151	
107,69,2,138,10,78,118,3	
107,69,2,17,66,118,0,160,70,16	
107,69,2,31,130	
107,69,24,88,115	
107,69,55,82,78,118,105,93	
107,69,95,160,93	
107,7,73,121,160,16	
107,75,118,14,20	
107,75,126,118,73,111,41,131,16	
107,75,126,163,62,69,156,118,145,71,114	
107,75,135,156,2,78,63,88,115	
107,75,138,116,124	
107,75,156,155,2,24,30,99,118,4,151	
107,75,156,2,29,82,73,111	
107,75,156,78,143,83,114	
107,75,37,162,44,24,30,78,7,31,73,160,122,20,93,16	
107,75,37,44,17,30,31,96,16	
107,75,44,138,118,50,16	
107,75,55,146,118,112,144,93	
107,75,62,69,156,118,124,160	
107,75,62,69,70,41	
107,75,62,69,9,55,117,78,7,67,112	
107,75,69,138,144,114	
107,75,69,156,118,7,164,111,71	
107,75,69,156,2,67,109	
107,75,69,44,2,55,118,31,96,0	
107,75,73,116,13,16	
107,75,85,156,155,55	
107,75,85,156,7,104	
107,75,85,2,130	
107,75,85,37,126,163,69,156,2,30,100,117,31	
107,75,85,37,69,156,9,2,55,78,124,130,122,131,105	
107,75,85,69,156,134	
107,8,126,163,118,160,20	
107,8,126,69,71,167,93,114	
107,8,135,28,30,26,118,130,160,111,167,20,101	
107,8,135,69,156	
107,8,140,156,118	
107,8,163,156,155,2,118,21	
107,8,163,44,41	
107,8,163,9,162,2,10,118,95,96,70,105,93	
107,8,31,116,160,131	
107,8,37,156,2,55,146,24,14,116,46,96,164,130,160,150,111,122,88,49	
107,8,37,163,69,9,2,116,124	
107,8,64,126,156,55,1,24,164,160,150,20,105	
107,8,64,126,163,156,155,117,130,71	
107,8,69,146,78,112,122,16	
107,8,69,149,116,0,68,119	
107,8,69,156,155,2,10,73,143,164,130,160,115,101,94,105,68	
107,8,69,156,44,2,66,164	
107,8,69,156,78,118	
107,8,69,41,16	
107,8,75,156,118,153,164,71	
107,8,75,85,62,69,156,2,55,111	
107,8,85,126,62,69,156,55,146,153,67	
107,8,85,163,34,156,24	
107,8,85,37,155,2,121,20,114	
107,85,118,31,124	
107,85,126,69,118,7,160,70,20,131,119	
107,85,135,156,162,2,55,78,149,168,160,20,93,16	
107,85,135,44,2,55,82,118	
107,85,146,118,111,133,114	
107,85,155,55,24,118,124,112,130,150,20,114	
107,85,156,118,130,93	
107,85,156,136,116,16	
107,85,156,146,118,54,130,93,68,16	
107,85,156,31,95,112,141,111,16	
107,85,162,118,31,144,18	
107,85,162,138,117,73,95,105	
107,85,162,73,14,116,124,22	
107,85,163,118,95,0,150,71,16	
107,85,163,156,124,95,4	
107,85,163,156,155,9,2	
107,85,163,156,9,162,24,73,13,114	
107,85,163,44,17,31,111	
107,85,37,156,9,73,14,116,124	
107,85,37,162,17,78,14,116,11,15	
107,85,37,29,1,78,118,111,16	
107,85,37,69,2,55,118,130,160,150,41,83,131,16	
107,85,37,69,24,100,116	
107,85,37,9,138,66,78,118,105,93,16	
107,85,62,162,99,68,134	
107,85,69,118,130,160,111,122,88	
107,85,69,156,10,47,61,105,16	
107,85,69,156,118,54,160,111	
107,85,69,156,155,30,111	
107,85,69,156,30,118,94,93,114	
107,85,69,162,138,146,31,73,105	
107,85,78,118,160,111	
107,89,100,116,101	
107,89,102,126,69,162,55,130,160	
107,89,102,66,28	
107,89,102,69,78,118,73,20,101,151	
107,89,102,85,118,73,41,93	
107,89,118,160,106,101,16	
107,89,118,160,52,16	
107,89,118,31,160,16	
107,89,129,53,85,37,163,156,162,146,24,118,7,115,93,16	
107,89,129,69,156,9,153,131,94	
107,89,129,69,30,63,124,145,164,104,105,93	
107,89,129,75,163,140,34,156,63,124,71,93	
107,89,129,75,163,62,69,155,28,136,24,100,118,14,160,131,109	
107,89,129,75,163,69,24,159,114	
107,89,135,155,2,55,146,78,116,16	
107,89,135,156,2,31,73,116,111,88,93	
107,89,138,30,117,78,118,73,95,164	
107,89,155,14,124,160,41	
107,89,155,162,136,7,73,164,88	
107,89,155,55,118,116	
107,89,156,116,41	
107,89,156,118,116	
107,89,156,118,143,133	
107,89,156,155,162,73,111	
107,89,156,44,2,29,66,118,73,96,114	
107,89,156,7,73,143,116,124,111,115,41	
107,89,157,102,129,8,75,85,163,69,156,155,9,2,55,17,10,66,146,1,78,118,21,14,149,116,124,145,22,105,134	
107,89,157,129,53,163,156,55,29,24,130,111,122,20	
107,89,157,163,9,24,118,153,105	
107,89,157,75,37,62,2,78,31,143,111	
107,89,157,8,85,37,163,62,156,155,2,55,29,146,30,26,78,118,21,63,159,116,15,164,20,88,105	
107,89,163,118,96,114	
107,89,163,155,9,29,118,122,20	
107,89,163,2,1,118,31,21,116,164	
107,89,163,2,55,73,93	
107,89,163,69,118,143,96,71,104,68	
107,89,163,69,2,138,7,20,41,101,131	
107,89,165,156,17,66,111,71,83,93	
107,89,165,33,69,55,31,116,71	
107,89,165,37,2,118,130,160,114	
107,89,165,64,69,156,155,118,164,130	
107,89,165,85,31,130	
107,89,2,7,130,160,16	
107,89,28,118,52	
107,89,28,118,96,130,52,16	
107,89,31,0,130,70,134	
107,89,33,85,163,7,46,160	
107,89,37,66,130,144	
107,89,37,69,118,168,41	
107,89,44,118,116	
107,89,53,163,156,2,30,71	
107,89,53,29,73,116,114	
107,89,53,37,155,28,7,31	
107,89,53,37,62,156,78,31,105,114	
107,89,53,62,140,156,29,47,78,118,71,131	
107,89,53,62,69,118,153,114,16	
107,89,53,75,69,156,118,143,130,83,18	
107,89,53,8,64,85,163,156,2,136,118,73,71,70,114	
107,89,53,9,160,20,93	
107,89,62,69,9,162,10,118,73,160,83,16	
107,89,64,37,69,156,162,30,78,160	
107,89,64,85,69,73,160,122,94	
107,89,66,160,16	
107,89,69,118,130,71	
107,89,69,156,155,9,162,2,31,73,88,41,68	
107,89,69,2,118,7	
107,89,69,31,14,130,131	
107,89,69,66,118	
107,89,69,7,96,88,16	
107,89,69,78,0,160,20,16	
107,89,7,31,88,41	
107,89,75,163,69,156,2,55,24,7,31,149,67,160,122,94	
107,89,75,163,69,2,10,136,118,130	
107,89,75,24,30,67,143,164,88,105	
107,89,75,37,116	
107,89,75,85,37,156,66,146,78,159,124,150,111,105	
107,89,78,160,104,16	
107,89,8,163,34,156,162,2,29,99,118,160	
107,89,8,75,37,135,69,156,66,24,73,143,112,121,111,71,83,144,94	
107,89,8,85,135,163,69,156,2,17,10,82,100,118	
107,89,85,143,96,130,150	
107,89,85,156,100,57,104,114	
107,89,85,156,2,55,7,14,143,160,105	
107,89,85,156,2,73,124,130,160,111	
107,89,85,163,156,2,118,73,131	
107,89,85,163,156,29,24,95,96,122	
107,89,85,163,156,73	
107,89,85,37,126,163,69,156,2,29,30,100,31,159,143,167,105	
107,89,85,37,126,69,156,155,2,30,31,167	
107,89,85,69,55,66,118,153,41,3,16	
107,89,9,28,160,70	
107,89,9,55,24,15,20,131	
107,9,118,31,95,131	
107,9,2,66,31,70	
107,9,24,78,145,160,105	
107,9,26,160,3	
11,20,83,119,56	
116,124,130,111,114	
116,164,13,160,70	
116,96,164,71,151	
117,73,153,67,164	
118,0,70,88,114	
118,111,71,70,41	
118,116,130,160,167,41,131,114	
118,116,130,167,20,88,41	
118,124,164,70,16	
118,124,168,104,114	
118,130,150,71,70	
118,143,130,104,151,105,93	
118,159,0,71,167,88,41	
118,160,101,131,114	
118,160,111,70,57,20,16	
118,160,111,71,20	
118,160,70,88,16	
118,164,122,20,88	
118,164,13,122,83	
118,164,130,160,150,115	
118,164,20,94,16	
118,168,0,104,114	
118,31,160,150,71	
118,31,164,130,160	
118,31,73,164,71	
118,73,149,160,111,83	
118,73,95,160,115	
118,96,164,130,167	
121,94,105,93,114,49	
124,130,160,111,122,4	
124,88,109,133,16	
126,111,167,20,88,83,16	
126,135,155,24,130,160,119	
126,135,163,69,34,9,2,31,73	
126,135,44,2,49	
126,135,69,9,29,73,150,122,94,105,93	
126,155,78,63,124,112	
126,156,155,118,164,130,160,150,49	
126,156,28,118,7,111	
126,156,57,68,114	
126,156,99,130,41	
126,162,2,17,24,70	
126,163,156,155,55,21,143,130,111	
126,163,156,9,55,15	
126,163,24,78,57	
126,163,62,55,118,95,164,130,160,111,41,16	
126,163,69,2,7	
126,163,69,21,149,143,116,164,130,94	
126,163,69,55,61,104,93,68,133	
126,2,138,10,118,111,131,132,114,16	
126,69,156,155,114	
126,69,156,155,164,130	
126,69,9,162,2,93	
126,69,9,17,118,73,88,101	
126,82,149,164,130,160,70,57	
126,99,73,160,70,122,104,144,18,16	
129,118,116,164,130,167,20,131,114	
129,126,156,118,57,68	
129,126,156,2,118,130,111,71,41,93	
129,126,156,2,29,130,111	
129,126,156,55,1	
129,126,163,156,78,94,114	
129,135,1,24,122,114	
129,135,163,140,69,156,9,99,78,116,145,114	
129,135,163,156,155,55,113,93,18	
129,135,163,69,156,155,9,118,7,31,143,112,122,20	
129,135,24,164,119	
129,135,69,2,24	
129,135,69,73,21,143,124	
129,138,118,164,20,56	
129,138,24,99,96,71,114,16	
129,140,69,155,31,73,116,131	
129,140,9,143,160,70,93	
129,155,138,136,71,122,88,104	
129,155,24,160,150,41,83	
129,156,10,164,122,83	
129,156,118,14,63,67,124	
129,156,153,15,164,160,93,16	
129,156,155,9,78,114	
129,156,24,31,124,121	
129,156,30,78,31,121,150,93	
129,156,55,118,7,111,4	
129,160,106,114,16	
129,160,52,57,16	
129,160,70,106,114	
129,162,2,24,78,63,149,130,114	
129,163,116,130,160	
129,163,118,116,130	
129,163,140,69,70,106,16	
129,163,156,118,149,114	
129,163,156,118,31	
129,163,156,155,2,41,50,93,133,56,114	
129,163,156,159,143	
129,163,156,44,118,160,3,133	
129,163,156,44,31,111	
129,163,156,73,131	
129,163,2,146,93	
129,163,21,67,16	
129,163,62,69,156,155,2,66,82,159,124	
129,163,62,69,24,115	
129,163,69,118,70,167	
129,163,69,156,155,2,82,78,73,159,0,150,94,56	
129,163,69,156,24,118,116,160	
129,163,69,156,24,78,31,46	
129,163,69,164,104,105,93,119,133	
129,163,69,55,116,70,16	
129,163,69,9,2,17,116,134,18	
129,163,9,101,114	
129,2,146,82,116,46,160,131,105,68	
129,2,29,118,104,68	
129,2,55,117,160,49	
129,24,117,130,160	
129,24,160,70,105	
129,24,41,151,16	
129,33,156,155,9,146	
129,33,75,85,135,62,156,2,55,118,73,116,61,160,49	
129,34,156,9,55,24,117,118,7,31,116,160,20,83,131	
129,34,24,30,150,114,18	
129,37,138,130,71,16	
129,37,156,118,31,73,153,116,130,114	
129,37,156,162,116,160,70,52,114	
129,37,156,55,116,114,18	
129,37,156,73,164	
129,37,163,140,156,24,78	
129,37,69,155,10,24,20,134	
129,37,69,156,162,2,55,118,149,160,88	
129,53,111,70,88	
129,53,126,69,78,118,73,160,101	
129,53,140,69,0,150,93,114	
129,53,156,155,7	
129,53,156,164,160,70,93,114	
129,53,156,24,31,67,71,167,114	
129,53,156,55,164	
129,53,163,62,34,155,66,63,130,71	
129,53,24,160,70,106,105,114	
129,53,24,30,118,160,20	
129,53,37,69,156,100,118,116,112,160,71,57,88,41,131	
129,53,64,37,163,69,156,136,26,31,11,160,111,16	
129,53,69,138,7,73,149,160,101	
129,53,69,156,130	
129,53,69,156,155,9,116,96,88,83,105	
129,53,69,156,55,138,78,118,130,160,111,71	
129,53,75,135,2	
129,53,75,163,140,69,156,155,117,78,118,130,71	
129,53,75,69,55,7,104,49	
129,53,8,126,69,156,155,2,116,88	
129,53,8,135,29,15,16	
129,53,8,135,69,156,118	
129,53,8,156,9,10,28,26,118,4	
129,53,8,156,9,55	
129,53,8,64,135,155,78,118,31,73,14,11,160,122,41,83,105,18	
129,53,8,64,75,69,34,156,73,93	
129,53,8,69,156,155,55,10,146,28,24,73,124,160,20,88,151,131	
129,53,8,69,63,130	
129,53,85,47,61	
129,53,85,55,143,164,160,16	
129,55,99,26,160,131,16	
129,62,69,156,100,31,160,57	
129,62,69,156,31,57,167	
129,64,126,69,55,31,70,18	
129,64,138,160,70,114	
129,64,140,138,146,24,160,3,49	
129,64,140,162,17,143,160,3	
129,64,140,55,145,160,70,3,93,119	
129,64,140,69,156,2,78,118	
129,64,156,118,14,116,164,70,105,16	
129,64,163,62,69,156,155,9,44,24,78,143,46,4	
129,64,37,62,69,156,155,2,55,7,20,41	
129,64,37,69,138,29,82,121,164,49	
129,64,55,118,160,20,3	
129,64,62,30,78,67,11,112,130,22,105,56	
129,64,69,118,16	
129,64,69,155,2,118,7,159,111,115,41,131,16	
129,64,69,24,118,73	
129,64,75,156,155,2,55,47,96	
129,64,75,163,69,146,47,78,61,20	
129,64,75,69,164	
129,64,75,85,163,69,155,149,143,94	
129,64,75,85,37,69,2,118,95,46,115,93,114	
129,64,85,37,163,69,118,63,46,164,160,70	
129,69,118,116,160,150,131	
129,69,156,146,105	
129,69,156,2,24,118,143,71,70,20	
129,69,156,2,24,164,71,167	
129,69,156,24,118,73	
129,69,156,67,143,130,70,93,114	
129,69,156,78,143,116,124,164,71,101,131	
129,69,156,78,73,70	
129,69,156,9,138,118,114	
129,69,156,9,20	
129,69,156,9,78,118	
129,69,156,9,99,118,124,160,93,49	
129,69,24,70,16	
129,69,34,24,111	
129,69,55,24,130,20	
129,69,55,29,24,30,111,20,83	
129,69,71,70,41,114,49	
129,75,126,69,155,2,55,118,144,105	
129,75,135,163,2,160	
129,75,155,116,130,160,111,114	
129,75,156,2,95,61,160,114	
129,75,156,28,164,160,111,70,57,131,16	
129,75,163,155,78,31,116,168,132,16	
129,75,163,69,155,168,164	
129,75,163,69,156,2,66,28,1,24,73,21,159,116,124,96,130,111,131,22,93	
129,75,163,69,162,78,96,130,160,4,151,94	
129,75,163,69,17,99,159,11,168,0,160,111,167,114,16	
129,75,163,69,31,73,122,93	
129,75,2,138,10,118,116,95,164,133,134	
129,75,2,55,136,116	
129,75,61,57,16	
129,75,62,69,156,100,21,14,124,96	
129,75,62,69,2,54,49	
129,75,69,155,2,117,78,118,119	
129,75,69,156,50	
129,75,85,126,69,156,2,78,14,143,164,111	
129,75,85,163,156,100,118	
129,75,85,163,69,156	
129,75,85,37,156,7	
129,75,85,69,156,55,118,73,14,83	
129,75,9,2,78,118,130,88,41,16	
129,8,156,130,114	
129,8,156,9,31,73,96,130,160,122,88,101,93	
129,8,163,156,146,54,114	
129,8,163,156,9,2,66,146,78,168,121,93	
129,8,163,156,9,55,14,143,124,122	
129,8,163,31,116,61,130,160	
129,8,163,69,156,55,149,160	
129,8,2,118,114	
129,8,34,162,55,10,30,118,7,149,16	
129,8,37,135,69,156,55,30,78,122	
129,8,64,37,126,163,156,155,162,2,55,146,73,130,111	
129,8,69,156,138,24,149,67,112,94,109,56	
129,8,75,156,146,78,118,70,93,16	
129,8,75,85,37,163,69,156,118	
129,8,85,135,24,68	
129,8,85,163,62,69,96,0,130,150,111,93	
129,8,85,37,163,69,156,78,73,46,96,164,160,70	
129,8,85,69,10,96,130,94,114	
129,85,100,78,21,144,3	
129,85,118,73,130,167,41,114	
129,85,135,156,55,17,124,68	
129,85,156,10,28,78,7,73,153,160,20,88,83,93,68,133,16	
129,85,156,73,160,20,88,41	
129,85,163,156,7,101,16	
129,85,163,69,156,162,2,73,114	
129,85,163,69,17,164,71,52	
129,85,31,96,160,70	
129,85,37,163,140,69,162,2,55,17,31,61,16	
129,85,37,163,69,156,155,2,55,66,24,100,78,7,159,121,130,111,20,93,119	
129,85,37,163,69,34,155,118,116,124,20	
129,85,37,55,124,112,13,160	
129,85,37,69,156,55,24,164	
129,85,37,69,2,10,78,21,111,3	
129,85,37,69,2,73,71,167	
129,85,37,69,34,78,118,14,149,121,130,114	
129,85,62,69,44,2,17,29,66,118,73,113,41,93,56	
129,85,69,156,10,24,41	
129,85,69,156,162,100,95,96	
129,85,69,67,16	
129,9,138,146,116,164,122,88,68	
129,9,44,138,118,111,114	
130,160,104,83,131	
130,160,111,122,114	
130,160,111,20,104,131	
130,160,111,71,93	
130,160,115,41,16	
130,160,167,20,114	
130,160,71,88,41,68	
130,70,57,101,16	
135,116,164,101,16	
135,118,73,111,70	
135,118,73,160,16	
135,138,153,61,115,16	
135,143,130,115,56,16	
135,155,78,160,167	
135,156,14,112,121,41	
135,156,14,124,160	
135,156,155,55,78,14,141,0,130,52,16	
135,156,155,78,115	
135,156,2,124,119,56	
135,156,30,117,118,160,16	
135,156,55,116,111,16	
135,156,55,17,111,114	
135,156,55,73,160,104,41,131	
135,156,55,96,94,114	
135,156,66,28,78,118,7,116,124,88	
135,156,9,2,118,73,41	
135,162,118,160,57	
135,162,55,130,160,111,57	
135,162,55,7,164,16	
135,163,140,69,156,9,146,113,20,88,16	
135,163,156,155,118,122	
135,163,156,162,2,55,146,153,111	
135,163,156,17,124,145,164,16	
135,163,156,55,16	
135,163,156,9,100,78,118	
135,163,2,55,57,133	
135,163,34,55,138,13	
135,163,55,21,71	
135,163,66,136,130,160,71,93	
135,163,69,155,66,78,118,111,105	
135,163,69,34,156,9,47,61,101,94	
135,163,69,44,2,1,16	
135,163,69,9,44,146,21,116,150,83,94	
135,2,146,118,160	
135,2,150,70,52,115	
135,2,17,138,78,118,95	
135,34,156,99,111,122,101	
135,34,2,118,150	
135,44,2,54,160,93	
135,55,113,88,16	
135,55,143,121,52,68,16	
135,55,164,130,160,57,122,105	
135,62,55,31,149,52,68	
135,63,61,160,71,50	
135,69,156,162,2,136,164,57,167	
135,69,156,2,55,24,116,114,18	
135,69,156,29,116,130,49	
135,69,2,100,143,116,122	
135,69,2,116,95,111,94	
135,69,2,136,118	
135,69,2,138,118,130,160	
135,69,2,55,10,28,73,21,14,61	
135,69,2,55,130,88,144	
135,69,2,73,16	
135,69,44,2,130	
135,69,44,2,160,114	
135,69,44,2,29,118,160	
135,69,55,138,130,160,105,114	
135,69,9,31,0,41,94	
135,73,124,160,41	
135,9,2,55,118,160,50	
136,118,7,54,111,114	
138,1,118,96,160,105,16	
138,130,104,119,16	
138,164,70,83,131	
138,30,31,111,16	
138,31,95,164,160,3	
138,61,164,71,57,16	
138,63,160,83,16	
138,73,164,167,49	
138,78,118,111,114	
138,78,124,111,114	
138,78,31,164,160,70,106,114	
138,99,130,160,16	
138,99,78,143,160,119	
14,124,61,150,88	
14,63,130,111,71	
140,156,155,145,130,71	
140,156,2,66,78,14,116,124,112,0,150,70	
140,156,29,118,73,130,88	
140,156,44,2,146,24,100,118,63,116,114	
140,156,9,61,160	
140,24,121,130,71,83	
140,24,63,143,57,134	
140,55,153,104,114	
140,69,156,155,7,116,150,105,16	
140,69,29,146,63,143,116,111,71,104,105	
140,69,55,138,78,168,83,93	
140,69,55,167,16	
140,9,21,67,70,114	
143,116,130,167,88	
143,160,150,70,122,131,105,16	
146,118,132,93,114	
146,13,122,88,133,16	
146,143,70,88,105,134	
146,149,15,168,164,160,41	
146,164,41,131,16	
146,31,141,160,41	
146,7,168,61,164,101	
149,67,160,111,93	
150,111,70,104,41,16	
153,20,88,94,114,16	
155,118,73,130,70,88	
155,130,52,101,68,16	
155,136,99,118,160,20,41,151	
155,138,24,130,160,71	
155,143,116,41,131	
155,146,24,160,111,93,16	
155,162,2,118,116,104	
155,17,29,73,16	
155,2,118,15,160	
155,2,118,94,16	
155,2,130,160,105	
155,2,146,136,118,130,160,111,114	
155,2,24,26,96	
155,2,29,118,160,88,114	
155,29,117,118,73,160,71	
155,29,30,118,31,111,20	
155,29,30,73,160,111,41,101	
155,31,71,57,16	
155,55,31,73,46,111,20	
155,66,7,41,131	
155,73,153,57,94	
155,73,61,70,105,16	
155,78,14,145,112	
155,78,149,111,114	
155,9,162,146,70,131,16	
155,9,2,55,116,122,105	
156,0,160,71,105,134	
156,10,118,93,49	
156,10,29,78,118	
156,112,130,160,134	
156,112,88,109,114	
156,116,112,130,71,88,93	
156,118,105,93,56	
156,118,122,115,41,131,114	
156,118,122,41,114	
156,118,124,130,160	
156,118,14,67,16	
156,118,143,94,16	
156,118,160,70,52,16	
156,118,31,130,71	
156,118,67,112,13,130,93,68	
156,118,7,31,116	
156,118,88,41,114	
156,121,61,160,41,93	
156,13,150,111,104,16	
156,138,26,112,54,4,131	
156,138,41,114,16	
156,138,78,160,111,68,114	
156,146,143,130,111,49	
156,146,21,93,68,119	
156,146,31,150,16	
156,146,78,116,70,20,16	
156,149,95,121,160,114	
156,150,122,20,16	
156,153,124,164,144,105,93,16	
156,153,15,160,49,16	
156,155,116,83,134,18	
156,155,118,149,131	
156,155,164,130,144,134	
156,155,2,118,134,114	
156,155,2,118,164,111,94	
156,155,2,17,68	
156,155,2,24,78,124	
156,155,2,30,118,116,96,111,71	
156,155,2,30,130,71,70,41,18	
156,155,2,31,130,160,111,20,114	
156,155,2,55,78,164	
156,155,2,78,118	
156,155,31,73,168,160,114	
156,155,44,17,78,118,63,164,41,16	
156,155,55,10,66,28,24,94	
156,155,55,29,146,101	
156,155,78,130,122	
156,155,9,2,55,118	
156,155,9,24,130,71,94,49,16	
156,155,9,28,118,31,150,20	
156,155,9,55,114	
156,160,70,106,114	
156,162,118,21,14,67,124,145,111,41	
156,162,118,73,114	
156,162,17,94,18	
156,162,2,0,160,111,16	
156,162,2,116,114	
156,162,2,29,118,160,144	
156,162,2,55,82,133	
156,162,24,118,116,130,167,114	
156,162,44,2,73,116,130,160	
156,162,55,99,164,160,71	
156,162,73,11,0,160,71,167,93,134	
156,162,73,130,160,20,41,93,119	
156,162,99,150,70,115	
156,17,130,115,114	
156,17,130,160,115,114	
156,17,24,116,106,114	
156,17,31,73,83	
156,2,10,146,111,93,16	
156,2,100,78,7,116,111,88,22,105	
156,2,112,94,18,16	
156,2,118,145,164	
156,2,118,88,101	
156,2,136,130,160	
156,2,136,153,112,160,115,41,101	
156,2,143,130,71,122,83	
156,2,146,118,21,41	
156,2,146,143,96,61,150,20,41,101,68	
156,2,146,30,16	
156,2,17,118,130,111	
156,2,17,31,16	
156,2,17,95,130,114	
156,2,24,164,70,93	
156,2,26,116,130,111,122	
156,2,26,31,93	
156,2,28,96,160	
156,2,29,1,118,149,83	
156,2,30,124,164,130,111,71,122	
156,2,30,149,0,61,54,160	
156,2,30,88,93,114	
156,2,31,41,114	
156,2,55,10,131	
156,2,55,17,31	
156,2,66,118,130	
156,2,66,146,116,124,150,94,68	
156,2,71,57,122,93	
156,2,73,160,150,16	
156,2,73,168,160	
156,2,78,112,114	
156,2,78,118,111,20,83,101	
156,2,95,130,114	
156,21,153,116,54,13,160,71,122,4,20	
156,24,118,73,133,114	
156,24,30,113,71	
156,28,1,116,95,61,164,130	
156,28,160,115,41,101,16	
156,28,31,73,160	
156,29,116,61,94,68,16	
156,29,78,130,160,16	
156,30,118,73,124,160	
156,30,160,93,133	
156,30,7,130,160,131	
156,30,73,111,88	
156,30,95,0,71	
156,31,116,160,71	
156,31,121,41,105,49	
156,31,149,116,130,93,114	
156,31,15,114,49	
156,31,160,71,122,20,41,16	
156,31,41,56,114	
156,31,73,149,116,124,160,70	
156,4,83,101,131	
156,44,118,116,130,111	
156,44,160,104,16	
156,44,2,118,7,95,96,168,0,160,150,20,83,16	
156,44,2,17,130,160,114	
156,44,2,29,118,168,164,111,20,16	
156,44,55,99,31,83,131,3	
156,44,63,124,160,20,88	
156,44,66,164,41,131	
156,55,111,70,122,88	
156,55,118,160,88,131,119	
156,55,118,96,130,20	
156,55,153,112,96,130,160,93	
156,55,168,88,104	
156,55,66,118,153,54,114	
156,55,73,116,16	
156,55,73,122,20,104	
156,55,78,130,160,83,49	
156,55,82,78,121,160,104	
156,61,54,164,160,150,41	
156,66,31,164,160	
156,66,31,71,105,114,16	
156,7,111,20,115	
156,7,116,61,160	
156,7,14,124,49	
156,7,95,130,160,114	
156,73,111,70,83	
156,73,124,160,105	
156,73,14,63,67	
156,73,143,4,94,16	
156,73,153,124,160,122,101	
156,78,118,31,83,16	
156,78,130,160,16	
156,78,160,70,106,16	
156,9,1,73,14,0,88	
156,9,117,118,20	
156,9,118,130,111	
156,9,118,73,149,116	
156,9,146,113,61,164,88	
156,9,146,14,164,130,150,114	
156,9,153,112,160	
156,9,160,49,16	
156,9,160,71,119	
156,9,162,150,151,119,56,114	
156,9,162,21,71,70,119	
156,9,2,10,94,114	
156,9,2,105,93	
156,9,2,151,131,114	
156,9,2,24,116,113,0,160,119	
156,9,2,55,116	
156,9,2,55,118,164,130,88,114	
156,9,2,55,46,160,16	
156,9,29,61,164	
156,9,44,17,20,88,132	
156,9,55,146,7,143,124,112,61,41	
156,9,73,111,114	
156,9,99,11,0,114	
156,96,130,111,131	
156,96,130,71,41	
156,99,164,93,133,16	
156,99,73,164,16	
157,102,37,163,69,156,9,162,44,2,1,7,73,159,124,54,164,160,111,122,20,93	
157,129,33,135,34,156,2,146,118,73,130,160	
157,129,69,24,116,94	
157,156,118,150,41	
157,156,2,26,78,118,150	
157,156,2,82,7	
157,162,78,160,109,16	
157,163,122,115,83	
157,163,54,88,41	
157,163,62,138,146,160,18	
157,163,69,156,24,116	
157,163,69,156,24,57	
157,163,69,28,73,124,94	
157,37,163,24,122	
157,53,69,156,118,164,160,93,68	
157,53,75,69,2,150	
157,53,75,85,163,69,156,9,162,2,24,31,153,143,121,111	
157,69,155,2,55,146,116,112,20	
157,75,69,9,153	
157,8,156,2,10,24,7,21,67,112,111	
157,8,37,34,156,73,116	
157,8,62,83,93,16	
157,85,2,99,118	
157,85,37,126,156,9,55,24,112	
160,111,115,131,134	
160,150,104,83,16	
160,41,83,114,16	
160,70,106,105,93,114	
160,70,106,122,16	
160,71,52,167,16	
160,71,52,167,93	
162,10,31,73,160,20,105,16	
162,117,143,160,122,41,132	
162,118,93,114,16	
162,136,118,31,160,70,114	
162,136,73,160,144	
162,138,118,73,70	
162,138,130,160,70,104,16	
162,138,146,78,31,164,130,160,16	
162,146,1,78,73,0,41,109,50	
162,150,111,4,16	
162,2,118,141,130,160,41,16	
162,2,138,146,24,118,130,93	
162,2,138,160,70	
162,2,24,160,150,57,20,88,109,132,93,114	
162,2,31,73,160,20,115	
162,29,66,7,31	
162,30,117,7,31,160,41	
162,44,31,70,16	
162,7,116,124,41	
163,118,116,160,71	
163,118,7,73,143,11,93	
163,138,118,31,73,130	
163,138,78,149,116,145,61,164,130,160,150,83,101,144,50,114	
163,138,99,26,130,160,71,101,93,16	
163,140,156,155,9,118,160,41,131	
163,140,156,44,146,88,93,114	
163,140,156,9,24,117,168,111	
163,140,162,2,116,160	
163,140,2,55,138,24,20	
163,140,24,130,16	
163,140,69,131,144,16	
163,140,69,146,24,15,0,164	
163,140,69,156,118,21,160,16	
163,140,69,156,2,118,14,116,113,111,49	
163,140,69,156,2,55,24,112,96,111,20,16	
163,140,69,156,29,118	
163,140,69,156,44,55,16	
163,140,69,162,99,115,114,16	
163,140,69,2,122,88,22,16	
163,140,69,93,18	
163,146,136,117,7,130,160,150,111,71	
163,155,9,73,41,133	
163,156,136,118,164,114	
163,156,14,124,160,150	
163,156,143,95,111,88,68,16	
163,156,153,61,111,70,106,88,105,114,16	
163,156,155,159,130,160,70,57,83,94,134	
163,156,155,2,146,100,16	
163,156,155,2,55,10,146,78,31,15,150,111,93,49	
163,156,155,28,1,122	
163,156,155,78,14,143,124,112,57,83,16	
163,156,160,94,3	
163,156,2,118,49	
163,156,2,15,130,160,71,83,105	
163,156,2,31,73,83,131	
163,156,2,55,118,112	
163,156,2,78,118,20,93	
163,156,24,118,7	
163,156,24,78,118,143,116,46,111	
163,156,30,78,7,57	
163,156,31,94,3,50,93,16	
163,156,55,30,14,143,88,144,93,56,16	
163,156,55,78,160,111	
163,156,66,130,111	
163,156,66,78,159,95,96,61,164,111,109,93,16	
163,156,7,160,88,101,105	
163,156,7,31,168,121,16	
163,156,78,50,114	
163,156,9,118,73,149,93	
163,162,2,146,159	
163,17,11,96,94	
163,2,17,78,7,61	
163,2,31,73,14,130,49	
163,2,55,138,78,118,96,160,71	
163,2,55,17,66,146,160,150,111,106,83,16	
163,2,61,164,119	
163,2,99,153,71,122	
163,24,118,111,70	
163,31,95,61,70	
163,34,118,124,52	
163,34,155,55,118	
163,34,2,82,24,99,160,71	
163,34,9,162,24,164	
163,44,24,73,3,105,93	
163,55,24,78,118	
163,55,63,111,122	
163,62,118,7,124	
163,62,156,130,68	
163,62,156,155,143,145,71	
163,62,156,55,96	
163,62,156,9,2,55,10,146,47,100,118,88	
163,62,162,1,31,63,0,130,111,71,4	
163,62,2,118,164,130,68	
163,62,2,55,138,63,164,130,71	
163,62,55,138,117,116	
163,62,69,156,117,164,71	
163,62,69,156,155,2,10,78,159,130,160	
163,62,69,156,24,30,15,13,130,150,22,105,93	
163,62,69,156,55,82,30,118,7,73,46,168	
163,62,69,156,9,2,100,88	
163,62,69,2,30,67,46,160,122,93	
163,62,69,34,156,55,24,118,149,145,112,160,94	
163,62,69,9,55,96	
163,69,1,160,41,83	
163,69,136,116,70	
163,69,138,66,118,168,122,4,88,115,101	
163,69,146,149,143,116,122,49	
163,69,155,118,14,130,52,131	
163,69,155,66,116,95,96	
163,69,155,78,130,160,150	
163,69,155,9,55,138,66,118,130,20	
163,69,156,100,11,0,68	
163,69,156,101,68	
163,69,156,118,124,113,160	
163,69,156,118,130,68,114	
163,69,156,118,73,130,160,88,115	
163,69,156,130,71	
163,69,156,145,71	
163,69,156,155,162,30,100,159,130,111,20,41	
163,69,156,155,24,124,130,111	
163,69,156,155,55,10,118,7,116,18	
163,69,156,155,95,130,18	
163,69,156,17,124	
163,69,156,2,111,57	
163,69,156,2,118,104,134	
163,69,156,2,17,10,24,111,71	
163,69,156,2,20,114	
163,69,156,2,55,14,20,16	
163,69,156,2,66,24,118	
163,69,156,28,1,78,31,143,160,20,16	
163,69,156,29,118,61,16	
163,69,156,29,24,100,117,41	
163,69,156,44,28,116	
163,69,156,44,30	
163,69,156,54,160	
163,69,156,55,66,24,61,68,114	
163,69,156,66,118,112	
163,69,156,73,119,16	
163,69,156,9,146,78,150,93	
163,69,162,55,78,73,41	
163,69,2,112,16	
163,69,2,118,130,41,93	
163,69,2,118,14	
163,69,2,138,124,164,160,150,70,68,114	
163,69,2,146,118	
163,69,2,28,96,114	
163,69,24,100,118,121,4,114	
163,69,24,46,164	
163,69,34,118,70,167	
163,69,44,118,63	
163,69,55,70,52,16	
163,69,78,124,13,130,160,71,167,88,83	
163,69,9,146,73	
163,69,96,130,111	
163,78,116,151,131	
163,9,1,78,116,95,16	
163,9,162,55,73,164,160,111,114	
164,160,111,88,144	
165,118,7,153,14,141	
165,129,135,2,55,146,1,31,20	
165,129,163,156,143	
165,129,163,62,156,160	
165,129,163,69,156,2,29,146,21,143,116,94,16	
165,129,163,69,156,55,118,109,93,56	
165,129,53,163,156,118,94	
165,129,53,34,118,73,159,111	
165,129,53,37,69,156,44,24,118,159,124,164	
165,129,53,64,75,62,69,2,138,136,78,118,116,130,70,50,16	
165,129,64,75,156,155,44,2,10,24,78,118,111,144	
165,129,69,44,2,21,14,61,160,68	
165,129,75,69,156,2,24,7,93	
165,129,8,156,55,111	
165,155,2,118,130,160,111	
165,156,146,31,41,114	
165,156,155,138,24,96,61,50	
165,156,155,66,118	
165,156,162,10,30,118,150,20,41,101	
165,156,26,116,160,94	
165,156,29,31,73,111,114	
165,156,55,143,96,20,93	
165,156,9,29,14,124,130,160,70	
165,162,138,159,101,93,134	
165,163,156,155,28,78,130,160,105	
165,163,156,2,55,78,144,16	
165,163,156,9,73	
165,163,55,17,146,88,68	
165,163,62,140,69,156,14,160,144	
165,163,69,111,57	
165,163,69,156,31,73,114	
165,163,69,162,2,55,118,160,150,93	
165,163,69,2,55,66,99,78,168,20,16	
165,163,69,55,30,99	
165,2,146,31,141,0	
165,30,21,71,20	
165,31,160,150,133	
165,33,62,69,29,99,88,68	
165,33,64,75,163,140,69,156,9,2,118,73,159,112	
165,33,64,75,37,156,155,2,82,118,31,11,71,83,114	
165,33,75,85,140,69,30,16	
165,33,85,163,62,69,156,155,2,55,29,66,30,117,78,7,63,159,143,116,95,112,121,130,111,20,41	
165,37,156,160,114	
165,37,156,9,2,30,73,111,71,122,20,114	
165,37,162,28,78,118,7,31,73,153,131	
165,37,163,156,24	
165,37,69,31,21,160	
165,53,10,143,116,144	
165,53,155,31,83,133	
165,53,163,69,2,146,118,7,67,160,115,93	
165,53,37,163,69,156,66,7,149,116,41,119	
165,53,62,78,7,14,63,71	
165,53,69,156,29,73,124,11,133	
165,53,8,75,163,69,156,96	
165,53,85,126,135,69,156,24,153,41,94,134	
165,53,85,135,112,0,144	
165,53,85,156,9,118,61,130,160	
165,53,85,163,69	
165,55,164,104,68	
165,62,69,104,68	
165,64,156,138,66,73,124,96,20	
165,64,163,34,156,155,114	
165,64,62,69,31	
165,64,69,156,118,131	
165,69,118,111,119	
165,69,118,31,160,57	
165,69,156,118,124,164,130,111	
165,69,156,118,16	
165,69,156,17,118,116,41,93,114	
165,69,156,2,10,29,78,116,61,54,164,71,167,3,93,133	
165,69,156,55,118,116,160,16	
165,69,156,66,111,20	
165,69,156,73,160,114	
165,69,162,2,78,118,143,54,164,130,111,71	
165,69,2,99,111,122,114	
165,69,34,146,116,130,122	
165,69,66,30,130,160	
165,69,9,29,149,16	
165,69,96,164,52,20,114	
165,75,135,163,156,160	
165,75,156,143,145	
165,75,163,156,162,2,88,94	
165,75,163,69,55,153,122	
165,75,2,24,141,0	
165,75,2,31,61,130,41,93	
165,75,37,163,130	
165,75,37,9,2,55,78,73,14,111,71,122,41,105,93,16	
165,75,69,9,162,44,17,146,118,31,130	
165,75,85,135,9,55,7,130,20,151,131,3	
165,75,85,163,69,156,155,2,29,24,159,11,112,130,50	
165,8,135,69,9,2,55,138,31	
165,8,140,156,117,118,153,14,143,164,49	
165,8,163,155,14,111,57,93	
165,8,163,69,155,2,24,30,164,20,16	
165,8,62,57,68	
165,8,69,155,100,130,93	
165,8,69,156,155,78,118	
165,8,75,37,70,104,16	
165,8,85,37,135,69,156,7,31,124,94	
165,8,85,37,69,55,10,30,116,164,111,49	
165,85,118,13,160,41,114	
165,85,155,2,10,61,130,83,3,93,16	
165,85,163,69,156,155,55,30,118,105	
165,85,17,168,16	
165,85,37,69,155,73	
165,85,69,24,118,160,93,68	
165,9,2,99,143,0,160,111,144	
165,99,118,160,20,93	
17,10,118,124,150,131	
17,118,160,150,115	
17,24,160,111,4,114	
17,24,164,160,111,119	
17,31,73,160,114,16	
17,61,3,93,16	
17,7,73,114,16	
17,73,130,111,71	
17,73,160,150,151	
2,1,118,160,93	
2,106,20,105,16	
2,116,124,130,71,167,20	
2,117,118,73,160,111,93	
2,118,121,130,70,16	
2,118,13,160,70,88	
2,118,31,122,49	
2,118,73,130,160,16	
2,124,112,111,114	
2,130,150,111,131,114	
2,130,160,71,41,50	
2,136,118,160,70,16	
2,138,117,130,71	
2,138,146,118,31,73,96,0,119	
2,138,160,167,88	
2,138,24,73,160,16	
2,138,78,118,20	
2,143,96,111,122,105	
2,146,136,118,130,160,111,71,41,114	
2,146,73,0,111,16	
2,17,111,94,109	
2,17,118,111,49	
2,17,78,118,73,160,20,41,151,93	
2,24,168,130,22,114	
2,24,93,114,49	
2,29,118,116,130,160,119	
2,29,24,30,96,164,13	
2,30,164,130,16	
2,30,20,41,16	
2,55,138,111,114	
2,55,138,112,130,160	
2,55,14,116,124,112,61,160,111,41,105,93,114	
2,55,24,63,149,112,160,150,111	
2,63,164,101,105	
2,66,118,168,160,150,83,105,93	
2,71,57,122,93	
2,73,145,94,18	
2,73,153,160,16	
2,96,160,111,71,122	
2,99,160,20,131	
2,99,160,20,83,93	
2,99,7,168,16	
21,121,160,111,71,93	
24,117,153,116,20,131,94	
24,14,71,106,122,68	
24,71,106,104,93,114	
26,118,143,130,70,105,93	
28,160,71,52,167,93	
28,7,124,61,160,111,131,16	
29,100,116,130,70	
29,118,116,160,16	
29,66,164,160,71,104,105	
29,78,118,130,160,49	
30,100,117,73,70,20,88,93,16	
30,111,122,20,83,105,93	
30,143,130,71,18	
30,78,71,106,68,114	
31,124,0,164,160	
31,130,160,111,71,114	
31,143,124,160,71	
31,149,143,116,160,114	
31,160,111,70,114,16	
31,160,70,93,16	
31,73,153,121,164,111	
33,126,62,69,156,44,2,55,66,24,111,93	
33,126,69,66,24,118,150,114	
33,156,78,118,14,95,113,20	
33,163,69,156,118,130,94,68	
33,163,69,156,44,138,31,130	
33,163,69,9,71,83	
33,2,118,73,116,130,160,111,70	
33,34,44,138,118,130,111	
33,37,163,2,146,14,124,93,114	
33,37,69,156,24	
33,37,69,162,31,160	
33,53,75,37,30,88,41,105,16	
33,53,8,140,69,10,24,118,159	
33,53,8,64,85,163,62,69,156,155,44,2,118,143,111,88,131	
33,64,163,69,156,2,66,113,20,83,131,105	
33,69,155,118,73,143	
33,69,156,143,13,101	
33,69,156,155,9,78,73	
33,69,55,46,13,130,167	
33,75,155,55,66,7	
33,75,37,140,155,24,31,153	
33,75,37,163,62,69,156,155,130,71	
33,75,85,126,163,62,69,118,31,73,96,15,61,111,93	
33,75,85,163,140,69,156,9,66,146,78,31,143,130,150,111	
33,75,85,37,126,146,153,116,111,101,16	
33,75,85,37,135,163,140,156,155,24,96,130,105,93,18	
33,8,69,55,112,61,41	
33,85,126,163,69,155,55,17,28,143,112,20	
33,85,126,69,156,9,2,28,121,49	
33,85,156,2,17,66,146,31,112,121,130,160,111,70,94,49	
33,85,163,156,114	
33,85,163,69,155,55,66,111,131,93	
33,85,163,69,9,55,106	
33,85,2,138,31,73	
33,85,37,163,140,69,34,156,44,2,82,118,143,61,164,130,111,131,3	
33,85,37,163,69,156,162,44,2,146,28,7,71,88,131	
33,85,37,163,69,9,44,2,47,159,67,116	
33,85,37,62,55,73,153,164,122,16	
33,85,69,9,78,31,153,116,112,111	
34,156,162,2,138,116,130,20	
34,156,17,118,93	
34,156,73,130,160,150,104,101,105,49,16	
34,156,9,2,78,31,95,96,130,150	
34,162,1,143,160,88,41,18,16	
34,28,24,130,111,131	
37,116,160,20,88,83,94,3,105,56	
37,118,130,160,114	
37,118,130,160,83	
37,118,144,49,16	
37,118,54,160,88,151,93	
37,124,164,130,20	
37,126,135,69,156,138,118,130,160,167,101	
37,126,156,2,136,31,153,159,96,71,114,49	
37,126,2,66,93	
37,126,30,118,95,70	
37,130,160,111,70,114	
37,130,52,93,119	
37,135,156,2,66,24,4	
37,135,163,156,9,55,10,24,73	
37,135,163,2,10,66,30,100,117,7,73,149,113,160,20,115,94	
37,135,163,69,156,55	
37,135,69,155,2,160,41,56	
37,135,69,156,2,78,118,73,116	
37,138,153,116,130,115,16	
37,138,153,61,130,41,131,16	
37,138,7,31,116,93	
37,140,69,156,164,50,105,16	
37,140,69,156,55	
37,140,69,156,9,55,93,56,16	
37,140,69,55,143,130	
37,150,104,83,16	
37,155,10,7,150	
37,155,17,29,99,118,130	
37,155,30,149,130	
37,156,0,150,111,131	
37,156,118,124,112	
37,156,118,96,88	
37,156,146,118,41	
37,156,155,146,130,114	
37,156,155,146,78,16	
37,156,155,162,78,159,124,122	
37,156,155,55,17,114,18	
37,156,162,116,151	
37,156,162,44,118,113	
37,156,164,130,111,71	
37,156,17,78,7	
37,156,2,10,29,146,116,130,111,119	
37,156,2,55,146,116	
37,156,2,55,146,118,88,41,114	
37,156,2,73,144	
37,156,2,82,78,122	
37,156,24,93,134	
37,156,31,111,71,167,16	
37,156,44,146,78,118,31	
37,156,7,31,116,168,111,114	
37,156,73,105,93	
37,156,73,88,115,101,16	
37,156,78,116,160,41,93	
37,156,78,130,20	
37,156,78,168,160	
37,156,78,7,14,112,130,111,18	
37,156,9,2,55,118,143,116,95,134,114	
37,156,9,55,63	
37,156,9,73,130	
37,160,71,70,88,41	
37,162,118,73,101	
37,162,44,2,55,24,118	
37,163,118,96,164,70,106	
37,163,124,164,71	
37,163,138,100,131	
37,163,138,116,124,111,41	
37,163,138,117,78,116,96	
37,163,140,156,9,2,0,49	
37,163,155,138,118,164,160,71,167	
37,163,156,118,73,164,41	
37,163,156,155,9,2,138,82,7,116,113,96,164,115	
37,163,156,2,7,160,41,105	
37,163,156,55,28,7,14,111,93	
37,163,156,99,71,94	
37,163,162,2,78,16	
37,163,24,118,153,160,57,114	
37,163,24,26,73,111,93	
37,163,34,156,78,14,63	
37,163,44,24,118,150,111,114,49	
37,163,62,69,24,73	
37,163,69,146,78,96,111	
37,163,69,156,104,133	
37,163,69,156,116,130	
37,163,69,156,118,31,70,114,49	
37,163,69,156,155,55,29,78,145,164,94	
37,163,69,156,2	
37,163,69,156,2,118	
37,163,69,162,78,116,113,160,134	
37,163,69,73,122,68	
37,163,9,66,82	
37,163,99,118,70	
37,168,164,93,68	
37,17,130,160,111,119,16	
37,17,24,30,130,160,122	
37,17,30,20,41,93	
37,2,10,31,144	
37,2,130,70,104,93	
37,2,146,141,164,83,144,16	
37,2,24,78,7,20	
37,2,29,24,78,96,50,93	
37,2,73,112,20	
37,29,118,70,16	
37,29,73,57,114	
37,44,138,99,118,114	
37,55,66,130,111	
37,62,156,2,24,100,118,153,116,71	
37,62,69,118,11,130,122	
37,62,69,156,155,10,78,7,116,130,111,41	
37,62,69,67,88	
37,69,155,2,55,31,73,111,94	
37,69,155,78,118,116,130	
37,69,156,155,55,29,73,105,93	
37,69,156,155,9,118,116,112,130,71,70,93	
37,69,156,162,44,2,146,26,118,7,95,111,122,20,41,101,93	
37,69,156,17,24,14,124,41	
37,69,156,2,149,143	
37,69,156,2,17,26,118,111	
37,69,156,2,31,73	
37,69,156,24,104	
37,69,156,24,78,16	
37,69,156,44,2,146,149,111,132,105,133	
37,69,156,44,3	
37,69,156,55,164	
37,69,156,78,73,149,145,3	
37,69,2,30,73,88,101	
37,69,2,55,78,31,164,83,49	
37,69,31,111,83	
37,69,44,146,118	
37,69,44,24,31,145,111,20,119	
37,69,44,66,118,144,93	
37,69,44,82,24,7,124,164	
37,69,55,29,118	
37,69,78,116,71,114	
37,69,9,2,55,124,46,111	
37,7,164,160,111,71	
37,71,167,41,16	
37,9,160,71,105	
37,9,162,2,83,101,114,16	
37,99,130,160,111,71	
41,101,131,93,18	
44,111,71,167,16	
44,138,146,136,31,164	
44,146,118,150,114	
44,2,146,136,118,130,160,114	
44,55,121,164,160,114	
44,78,118,160,83	
44,99,164,130,111,105,16	
44,99,20,104,94	
52,106,20,3,93,68,16	
52,122,41,83,101,144,16	
53,100,78,124,150,132,105,16	
53,118,116,70,93	
53,118,52,122,4	
53,118,73,93,114	
53,126,135,69,55,117,78,118,73,124,112,130,68	
53,126,138,31,116	
53,126,69,66,130,122,4,88,109	
53,135,124,131,68	
53,135,156,155,2,55,66	
53,135,156,162,55,111,131	
53,135,156,30,7,31,116,20,93	
53,135,163,69,73,101	
53,135,55,17,14,143,160,41,114	
53,135,69,156,55,160	
53,138,130,160,70	
53,140,156,2,55,24,143,106	
53,140,69,156,47,111	
53,140,69,2,78,101,68	
53,140,69,28,115	
53,143,164,160,70,106,131,114	
53,155,9,24,116,124,104,93,114	
53,156,116,160,70,114	
53,156,118,112,83,56,114	
53,156,118,94,105,93	
53,156,124,160,20,41	
53,156,130,160,93	
53,156,146,100,31	
53,156,155,2,10,146,164,49	
53,156,155,47,24,118,31,73	
53,156,155,78,116,114	
53,156,155,9,2,55,14,124	
53,156,160,70,122,104,131	
53,156,162,24,130,109	
53,156,2,118,96	
53,156,2,138,29,99,160,111,93	
53,156,2,146,118	
53,156,30,118,73,88,41,16	
53,156,47,24,61	
53,156,55,71,68	
53,156,7,73,168,50	
53,156,73,124,114	
53,156,9,2,55,146,78,7,124,112,164,122,88,131,93	
53,160,111,71,52	
53,163,140,156,24,118,168,94,18	
53,163,140,69,156,28,78,116,111,105	
53,163,146,100,14,124,16	
53,163,156,121,160,105,16	
53,163,156,138,30,16	
53,163,156,29,100,78,115,151,131	
53,163,156,55,99,31,14,149,116,124,130,83,94,3,105,119,56,134	
53,163,156,78,149,105,114	
53,163,156,9,55,118,7,46,160,109	
53,163,156,96,164	
53,163,159,105,114,16	
53,163,17,7,124	
53,163,2,138,67,143,160,114	
53,163,28,47,116	
53,163,29,24,26,95,130,111,93,16	
53,163,29,83,101,93,16	
53,163,31,130,160	
53,163,31,160,71	
53,163,55,78,167,122	
53,163,62,130,160	
53,163,62,162,55,138,31,114	
53,163,62,69,116,124	
53,163,62,69,156,155,24,78,118,71,70,93	
53,163,62,69,156,93,16	
53,163,62,69,2,78	
53,163,69,1,78,118,95,111,104,68	
53,163,69,124,112,61,122,88,16	
53,163,69,156,146,143,41,93	
53,163,69,156,146,164,130,71	
53,163,69,156,155,55,28,78,118,7,73,15,160,88,131,93	
53,163,69,156,44,2,55,118,14,61,13,88,119,114	
53,163,69,156,55,78,73,112	
53,163,69,156,68	
53,163,69,156,78,73	
53,163,69,162,66,82,24,99,96,0,61,122,88,144	
53,163,69,17,118,73,130,160,167,41,83,131,93,114	
53,163,69,73,16	
53,17,14,116,71	
53,2,17,24,30,118,71,151,133	
53,26,118,116,164,50	
53,26,118,73,160,57	
53,31,63,52,16	
53,34,156,7,52,151	
53,34,99,143,94	
53,37,126,69,156,73,14,143,124,121,41	
53,37,163,69,9,44,116,114	
53,37,163,9,2,55,138,78,63,116	
53,37,34,162,24,149,116,151,94	
53,37,62,69,156,162,2	
53,37,69,155,159,116,160,88,16	
53,37,69,156,2,100,14,124,112,20,104	
53,37,69,156,2,96,160,94	
53,37,69,156,9,7,124,130,160	
53,37,69,2,78	
53,37,69,44,7,73,160,111	
53,37,9,21,116,145,164,93,114	
53,44,96,160,70,52	
53,55,118,143,160,20,41,131	
53,55,66,146,136,1,7,130,160,111	
53,55,99,118,130,41,3	
53,62,118,116,46,160,122,56	
53,62,156,155,118,73,105	
53,62,156,155,9,130,160,150,4,41,93	
53,62,69,122,18	
53,62,69,155,162,17,138,82,24,118,164,16	
53,62,69,156,9,44,55,118,106,122,88,114	
53,62,78,73,160,16	
53,64,140,2,66,31,168,160	
53,64,2,146,136,24,149,13,160,88,101,144	
53,64,37,126,163,69,156,2,146,117,124,141,160,111	
53,64,37,140,69,156,155,29,28,118,73,21,116	
53,64,37,163,62,69,156,162,55,10,66,78,63,149,61,111,133	
53,64,69,156,31,116,130,71,18	
53,64,69,156,55,30,112,164	
53,64,69,31,11	
53,64,75,135,62,55,159,164,41	
53,64,75,155,2,55,66,24,7,11,111,122,131,16	
53,64,85,156,116,46,16	
53,64,85,37,69,55,17,7	
53,69,104,93,68	
53,69,118,0,41	
53,69,156,0,164,101,131	
53,69,156,118,153,111,115,101,22	
53,69,156,146,100,118,73	
53,69,156,155,55,66,61,54,164,52,93,68,133	
53,69,156,2,100,118,21,14,124,130,160	
53,69,156,24,31,21,46,41,132	
53,69,156,26,14,143	
53,69,156,31,73,124	
53,69,156,31,73,160,150	
53,69,2,7,71,93,16	
53,69,44,2,149,160,88	
53,69,55,118,160,16	
53,69,55,118,31,73,124,68	
53,69,55,24,113,61,111,115,83,101,93,114,16	
53,69,9,55,31,143,124,122	
53,71,122,94,93	
53,75,126,163,156,49	
53,75,138,31,160,71,70,20	
53,75,156,9,2,71,68	
53,75,160,70,41,105	
53,75,162,55,146,122,68	
53,75,163,156,130,3	
53,75,163,156,162,2,100,116,96,41,131	
53,75,163,69,156,155,160,68,114,18	
53,75,31,73,124,61	
53,75,37,163,156,117,118,143,164,71	
53,75,37,163,69,156,155,9,2,55,146,24,30,11,160,111,122,101	
53,75,37,163,69,162,44,29,28,111,41,16	
53,75,37,2,111	
53,75,37,69,156	
53,75,69,156,155,55,99,116,124,112,164,114	
53,75,69,156,55,82,78,46,111,70,101	
53,75,69,162,2	
53,75,69,162,7,133,134,114	
53,75,69,78,116,70	
53,75,85,126,163,146,54,130,111,71	
53,75,85,136,130	
53,75,85,156,24,78,46,167,151,93	
53,75,85,163,69,9,105	
53,8,126,135,163,69,34,2,114	
53,8,126,69,112,160	
53,8,135,163,140,155,2,7,31,130,150,71,52,105	
53,8,135,34,156,1,100,26,143,95,61,164,160,41,3,93,114	
53,8,135,78,143	
53,8,155,55,30,100,118,73,0,61,88,41,16	
53,8,156,2,29,143	
53,8,156,24,124,70,94,22,93,18	
53,8,156,78,111,122,88	
53,8,156,78,130,71,105	
53,8,156,9,118,73	
53,8,163,156,149,116,15,130	
53,8,163,69,138,136,1,78,114,16	
53,8,163,69,156,138,24,159,112,121,160	
53,8,163,69,156,78,159,124,111,71,114	
53,8,163,69,24,116,57	
53,8,163,9,29,160,70	
53,8,24,30,116,93	
53,8,37,163,156,159,114	
53,8,62,2,138,100,118,116,124,122,114	
53,8,64,69,156,118	
53,8,64,69,156,24,118,116,16	
53,8,69,156,2,116,111	
53,8,69,156,96,20,83	
53,8,69,2,16	
53,8,69,55,88,104	
53,8,69,66,146,118,31,93	
53,8,69,9,55,82,132,16	
53,8,75,135,163,69,156,2,146,67,143,61,83,94,3,109,105,16	
53,8,75,163,140,69,21,130,71,83	
53,8,75,163,69,156,118,14,149,143,88,144,50	
53,8,75,37,163,62,69,156,155,99,130,88,114,16	
53,8,85,163,69,156,2,55,28,24,117,118,153,116,124,11,0,130,71,88,151,105	
53,8,85,69,2,24	
53,8,99,118,114	
53,85,118,153,71,114	
53,85,126,163,69,156,155,2,118	
53,85,126,62,69,156,2,24,54,130,144	
53,85,126,66,160,93,16	
53,85,135,156,2,7,143	
53,85,140,156,99,151,131,132	
53,85,156,118,116	
53,85,156,118,41,114	
53,85,156,155,162,2,24,30,164,111,41,132,133,114	
53,85,156,9,2,66,30,117,78,113,112,111	
53,85,156,9,30,78,116,96,160,71,49	
53,85,160,70,106,114	
53,85,163,116,160,71,88	
53,85,163,140,156,155,78,118,112,130,122,41,105	
53,85,163,55,138,24,21,143,130,131	
53,85,163,55,24,21	
53,85,163,62,69,156,155,55,10,29,99,153,160,114	
53,85,163,62,69,16	
53,85,2,124,130	
53,85,2,24,118,116	
53,85,2,7,111	
53,85,28,130,160,71	
53,85,37,130,71	
53,85,37,156,55,94,93,16	
53,85,37,163,117,118,116,144,93,68	
53,85,37,28,136,47,71	
53,85,37,69,30,116,114	
53,85,37,69,55,17,7,71,133	
53,85,37,69,55,41,151,16	
53,85,62,140,156,155,24,118,15,130,106	
53,85,66,116,160,71,93	
53,85,69,162,2,21,14,159,164,130,160,111,70,122	
53,85,69,164,16	
53,85,69,2,153,14,116,151	
53,85,7,160,71	
53,9,162,55,14,130	
55,118,73,160,122,104,109,50,16	
55,121,111,22,16	
55,121,160,111,16	
55,138,73,116,61,41,68,114	
55,146,130,70,16	
55,29,117,105,93	
55,54,160,70,16	
55,73,0,160,88,3,93	
55,78,14,143,124	
55,78,63,124,46,160,70,3,105,16	
55,99,118,153,160	
61,130,160,57,122,93,133	
61,70,83,105,93,16	
62,1,118,95,111	
62,130,160,70,104,93,119	
62,143,121,130,3,16	
62,155,21,143,93,114	
62,155,55,66,24,149,131,93,119	
62,156,155,2,100,111	
62,156,162,78,118,7,164,130	
62,156,2,118,31,111	
62,156,28,73,143	
62,156,70,105,16	
62,156,71,106,94,68	
62,156,78,118,116,130,114	
62,156,78,124,105	
62,156,9,2,66,78,130,109	
62,160,104,41,114	
62,162,2,78,118,31,73,61,130,160,111,20,41,50,93	
62,2,14,124,130,111,167	
62,34,156,29,78,31,141,114,18	
62,55,164,111,18	
62,61,54,4,132	
62,69,10,66,83	
62,69,118,164,83	
62,69,118,63,41,101,16	
62,69,138,146,63,124,121,160	
62,69,156,145,71,49	
62,69,156,155,44,55,99,118,71,20,132,93,114	
62,69,156,2,21,153	
62,69,156,2,24,130,111,71,122,4	
62,69,156,2,55,109	
62,69,156,2,78,73,68,16	
62,69,156,9,2,31,159,116,70,115,3,105,93,56	
62,69,2,55,138,124	
62,69,21,71,106,114	
62,69,73,130,160,93	
62,69,82,130,16	
64,10,66,112,141,3	
64,126,156,159,124,130	
64,126,156,73,149,160	
64,126,163,69,133,49	
64,135,162,55,16	
64,135,69,138,66,28,46,160,88,101,114	
64,135,69,156,17,10,66,73,88	
64,140,138,78,143,41	
64,140,69,155,55,160,3,109	
64,146,168,164,70,119,16	
64,155,11,160,150	
64,156,1,73,11	
64,156,100,99,122,133	
64,156,143,145,11,0,164,71,105,114	
64,156,146,73,150,111,57	
64,156,155,138,61,54,94	
64,156,2,10,26,149,46,111,4	
64,156,2,63,46,160,119	
64,156,24,118,71	
64,156,29,149,16	
64,156,44,2,116,112	
64,156,7,31,124,111	
64,156,9,118,11,105,93	
64,156,9,149,70	
64,156,9,162,118,143,160,115,93,16	
64,156,99,78,7,73,116,168,160,111,167,122,4,16	
64,162,96,164,16	
64,163,140,69,130,71,114	
64,163,156,118,20,88	
64,163,156,2,31,73,71,83,18	
64,163,156,24,118,11	
64,163,156,55,14,151,114	
64,163,156,73,168	
64,163,2,55,29,149,160,88	
64,163,24,118,31,116,160,111,57,133,114	
64,163,69,118,21,54,114	
64,163,69,156,10,56,114	
64,163,69,156,118	
64,163,69,156,118,116,18	
64,163,69,156,2,55,82,14,116	
64,163,69,156,29	
64,163,69,162,118	
64,163,69,78,21,143,116,105	
64,2,116,46,160	
64,2,118,3,68	
64,34,156,55,118,130,122,104	
64,34,156,9,2,73	
64,37,156,66,41	
64,37,156,9,17,16	
64,37,163,69,156,55,146,31,145	
64,37,163,69,156,9,78,63,67,143,116,164,71,114	
64,37,69,155,146,1,78,73,159,116,0,164,134	
64,37,69,156,2,146,116,124,112,141,130,104	
64,37,69,156,9,21	
64,37,9,162,146,118,31	
64,55,146,118,149,0,4	
64,62,146,31,73,124,113,54	
64,62,156,118,149	
64,62,156,24,130	
64,62,69,156,78,88,93,49	
64,62,99,150,16	
64,66,30,149,121,122,16	
64,69,116,124,112,168,111,104,101	
64,69,118,13,105	
64,69,118,130,105,93	
64,69,156,136,160,70,41,101	
64,69,156,143,124,112,70	
64,69,156,155,82,73,113	
64,69,156,2,55,1,24,100,145,111,70,94	
64,69,156,24,78,160,68	
64,69,156,9,2,118,73,153,116,130,111	
64,69,160,122,114	
64,69,2,118,130	
64,69,2,31,73,61,68	
64,69,24,30,61,111	
64,69,55,73,93	
64,69,9,118,71,101	
64,7,149,130,160,88,115,131	
64,73,111,122,134	
64,73,160,70,94,105,16	
64,75,140,69,156,155,78,149,11,96,130,150,71,105	
64,75,155,24,149,168,164	
64,75,156,155,2,61,105,16	
64,75,163,118,11,0,130,160,111,93	
64,75,163,69,99,78,118,7,70,20,119	
64,75,34,118,67,83	
64,75,62,118,130,132	
64,75,69,156,155,118,112,83	
64,75,69,156,9,2,150	
64,75,85,118,159,164	
64,75,85,156,2,31,93,16	
64,75,85,37,156,2,30,78,31,149,124,11,0,160,122,4,41,3,16	
64,75,85,69,55,17,7,105,93	
64,85,140,69,156,9,99,11,114,16	
64,85,163,156,30,118,149,88	
64,85,163,69,2,55,146,118,112	
64,85,2,24,78,118,141,61,160,150	
64,85,37,126,135,34,55,164,115,16	
64,85,37,163,11,160,88,114,16	
64,85,62,46,160,131,16	
64,85,66,57,16	
64,85,69,156,155,2,55,66,7,11,160,71,101	
64,85,69,156,155,9,162,2,55,138,78,73,14,116,113,0,61,130,71,105,93	
64,9,66,14,149,116,124,11,111,104,105,93	
64,95,145,11,168,160,114	
66,149,46,0,160	
69,10,116,130,71	
69,10,30,31,0	
69,10,82,116,167	
69,100,96,121,122,16	
69,116,164,70,18	
69,118,130,111,70,16	
69,118,141,130,160,150,88,41,131	
69,118,160,57,114	
69,130,70,104,114	
69,130,88,68,16	
69,136,31,116,71	
69,138,118,71,106	
69,138,118,73,130,160	
69,138,153,116,46,130,115,16	
69,138,46,130,115,16	
69,146,100,78,118,116,113,96,0,121,122,83,132,133,16	
69,146,116,46,71	
69,146,118,116,145	
69,146,7,15,164,130,160,111,70,167,119	
69,150,111,20,16	
69,150,20,41,131,16	
69,155,111,122,41	
69,155,146,28,78,118,73,20,131	
69,155,160,71,52,151,105,114	
69,155,17,160,16	
69,155,2,118,73,116	
69,155,2,78,73,71,101,18	
69,155,29,146,118,116,160,150	
69,155,73,93,68	
69,155,9,24,31,105	
69,156,1,26,73,116,112	
69,156,100,7,96,20	
69,156,112,164,18	
69,156,116,15,122,16	
69,156,118,116,130,71	
69,156,118,20,18	
69,156,118,22,68,18	
69,156,118,31,160,105,114	
69,156,118,67,116,160,88	
69,156,130,160,111,122,132,114	
69,156,130,160,150,71,167,93	
69,156,141,115,41,16	
69,156,145,130,71	
69,156,146,30,118,31,130,114	
69,156,155,146,31,73,144,114,16	
69,156,155,2,146,67,54,111,119	
69,156,155,2,17,29,113,49	
69,156,155,2,55,24,118,116,93	
69,156,155,7,46,160,115,41	
69,156,155,78,88,131,144,94	
69,156,155,82,24,153,49	
69,156,162,146,124,68	
69,156,162,29,66,143,164,160,111,144	
69,156,162,29,66,146,73,116,124,130,160,122,114,16	
69,156,162,44,2,146,96	
69,156,164,160,70	
69,156,17,14,18	
69,156,2,118,114	
69,156,2,118,31,164,160,111,71,41,83,101,93,68	
69,156,2,118,46,93	
69,156,2,118,50,105	
69,156,2,118,73,116,112,160,134,114	
69,156,2,130,106	
69,156,2,17,66,111	
69,156,2,24,31,73,14,130,160,111,70,20	
69,156,2,29,113,130	
69,156,2,30,153,61,160,111,41,105,114	
69,156,2,47,31,73,112,160,83,131,144	
69,156,2,55,112,150,3	
69,156,2,55,118,88,144	
69,156,2,55,141,13,160	
69,156,2,78,130,160	
69,156,2,78,21,114,16	
69,156,2,82,113,71,20	
69,156,2,82,130,150,111	
69,156,2,99,14,116,112	
69,156,2,99,31,73,160,114	
69,156,24,0,122,144,94	
69,156,24,117,145,160,93,18	
69,156,24,153,67,121,122,20,49	
69,156,26,118,149,13,160,111,71,115,144	
69,156,26,31,153,63,46	
69,156,26,7,73,160,111,101	
69,156,28,7,160,114	
69,156,30,118,31,93	
69,156,30,73,111,20,16	
69,156,31,61,104,93	
69,156,44,2,146,78,118,31,160,111,70,167,20,41,16	
69,156,44,2,55,78,73,4	
69,156,54,160,70,122	
69,156,55,116,113,160,122	
69,156,55,118,16	
69,156,55,15,160,16	
69,156,55,164,18	
69,156,55,73,71	
69,156,55,82,7,61,130	
69,156,66,20,105	
69,156,7,124,164,160,111,71,16	
69,156,73,116,130	
69,156,73,116,164,16	
69,156,73,122,131	
69,156,73,14,116,0,20,41	
69,156,73,88,101,16	
69,156,78,116,111	
69,156,78,116,130,111,71	
69,156,83,131,114	
69,156,9,136,47,118,31,11,164	
69,156,9,146,24,21,124,160,71,122,4	
69,156,9,162,2,146,61	
69,156,9,2,146,73,122	
69,156,9,24,117,150,20,114	
69,156,9,24,78,124,13,114	
69,156,9,55,24,21,153,122,144	
69,156,9,55,78,118	
69,156,9,55,78,31,14,164	
69,156,9,78,105	
69,156,9,88,101,94,93	
69,156,95,83,50	
69,156,99,160,114	
69,159,164,83,144,105,16	
69,162,131,68,119,134	
69,162,146,118,7,116,122,88,101,50,114	
69,162,31,63,116,111,114	
69,162,70,104,18	
69,17,136,78,118,73	
69,17,78,31,73,160,114	
69,2,10,78,31,21,61,164,130,70,83,101,94,93,16	
69,2,118,63,93	
69,2,17,138,146,20,105,93	
69,2,55,1,78,54,150	
69,2,55,15,111,41,68,114	
69,2,55,160,71,122	
69,2,55,24,159,160,41,119,18	
69,2,55,31,116,16	
69,2,73,67,130,68	
69,24,100,118,96	
69,24,78,118,46,160,105,18,16	
69,24,78,160,70,52,16	
69,26,164,122,83,16	
69,29,118,130,114	
69,29,66,118,73	
69,30,118,130,71,167	
69,30,149,0,164	
69,31,160,70,16	
69,31,73,130,70	
69,34,117,118,160	
69,34,162,24,78,14,63,124	
69,34,2,55,17	
69,34,31,73,114	
69,34,61,54,164,130,167	
69,44,118,143,130,111,68	
69,44,138,29,146,28,82,46	
69,44,138,31,130	
69,44,30,99,73	
69,54,150,41,114	
69,55,118,73,168,41	
69,55,118,88,105,114	
69,55,146,118,164	
69,55,28,78,118,113,121,83,151,93,16	
69,55,66,24,117,143,116,112	
69,66,24,111,20	
69,66,28,113,96,20,83	
69,7,96,160,16	
69,71,70,57,94,114	
69,73,116,164,20,16	
69,78,31,160,52,16	
69,9,2,138,31,130,114,16	
69,9,2,47,116,109,105	
69,9,2,96,130	
69,9,30,26,160,71,133,134	
69,9,55,138,124,71,93	
69,9,55,73,112	
69,9,73,11,122,115,104,93	
69,9,73,149,105,18	
69,99,143,83,16	
69,99,31,160,56,114	
7,14,143,124,164,130,122	
7,150,71,52,167	
7,73,21,160,111,20,88,16	
70,57,83,144,16	
71,52,167,88,131,93,16	
73,124,71,20,16	
73,124,95,104,16	
73,14,124,112,164,70,16	
73,143,71,41,83	
73,153,164,130,150	
73,160,122,4,22	
73,160,150,70,122,41,16	
73,160,70,57,114	
73,164,106,167,16	
73,164,160,167,122,20,88	
73,41,101,131,144	
73,70,122,20,83,131,134	
75,10,78,73,143,112,96,121,164	
75,117,78,118,73	
75,118,130,167,114	
75,118,14,116,124,95,61,160,71,114,16	
75,118,160,104,16	
75,118,73,160,49,16	
75,126,118,73,164,160	
75,126,156,118,73,143,116,134,114	
75,126,156,162,2,31,73,160,114,16	
75,126,156,73,0,41,101,105,93,16	
75,126,55,14,116,124,145,112,20,88,41,101,3,50,119	
75,126,62,69,55,146,1,24,99,95,164,20,88,41,131,3,105	
75,126,9,130,88	
75,13,111,70,41,131,56,16	
75,135,155,44,2,29,24,160	
75,135,156,44,55,24,95,112,160,111,106	
75,135,2,130,160,111,41,101,16	
75,135,62,69,10,143,96,164,130,160,71,3,119	
75,135,69,156,162,55,146,130	
75,135,69,156,30,114	
75,135,69,44,124,111,105	
75,135,9,2,160	
75,14,149,116,124,112,160	
75,140,155,78,143,130,71	
75,140,156,130,71,49	
75,140,69,162,124,16	
75,143,112,131,68	
75,155,138,116,71	
75,155,146,7,143,116,114	
75,155,162,28,7,96,144,132	
75,155,2,146,118,130,160,114	
75,155,2,61,164,130,41,83	
75,155,30,116,114	
75,156,10,159,116,124,145,130	
75,156,10,29,146,0	
75,156,101,3,119	
75,156,111,57,41	
75,156,112,22,16	
75,156,130,160,111,71	
75,156,155,162,138,18,16	
75,156,155,2,15,68	
75,156,155,2,24,118,112,13,93,68,114	
75,156,155,73,153,164,131,114,16	
75,156,155,9,2,10	
75,156,2,118,130	
75,156,2,136,31,71,57,20,18	
75,156,2,28,24,118,116,41	
75,156,2,29,31,116,121,16	
75,156,2,29,78,46,70	
75,156,2,55,118	
75,156,2,55,61,83,50	
75,156,2,7,124,160,93,16	
75,156,2,78,104	
75,156,29,118,73,21,164,130,160,71,70,88,41	
75,156,44,138,78,118,153,116,130	
75,156,44,2,112	
75,156,55,118,116,119	
75,156,55,118,73	
75,156,55,66,118,73,71,20,94,93,56,134	
75,156,55,78,63,114	
75,156,73,160,167	
75,156,78,121,150,94	
75,156,78,73,63,143,124	
75,156,78,83,16	
75,156,9,162,2,55,117,118,63,124,113,46,0,22,105,93	
75,156,9,44,73	
75,160,150,70,41,83,131,16	
75,162,2,138,24,100,88	
75,163,116,150,20,88	
75,163,116,61,16	
75,163,140,69,155,55,1,88	
75,163,156,155,55,143,95,130,71	
75,163,156,2,55,118,14,20	
75,163,156,44,2,112,130	
75,163,156,44,28,24,95,111,93	
75,163,156,73,61,160,115,105	
75,163,162,2,138,31	
75,163,2,66,111	
75,163,34,156,2,61,130,41,93	
75,163,34,2,29,118,7,31	
75,163,62,156,31	
75,163,62,69,78,7,115	
75,163,69,138,78,160,88,131,114	
75,163,69,156,116,105	
75,163,69,156,155,9,143,46,105,114	
75,163,69,156,55,10,24,7,14,116,112,88,105	
75,163,69,156,9,2,55,66,146,78,14,159,143,116,124	
75,163,69,162,73,41,68,134	
75,163,69,164,52,41,131,144,18,16	
75,163,69,55,28,118,114	
75,163,69,63,130,104	
75,163,78,116,68	
75,164,70,104,16	
75,17,78,118,130,104,151	
75,2,138,146,3,56,16	
75,2,138,73,164	
75,2,138,78,118	
75,2,73,160,88,16	
75,2,73,63,116,61,101,3	
75,24,118,70,122	
75,24,78,31,160,41,56	
75,30,70,167,122	
75,31,73,57,41,16	
75,34,2,57,20	
75,37,126,135,10,118,143,16	
75,37,126,69,162,44,2,78,14,143,124,94,3	
75,37,126,69,31,61,130,93	
75,37,135,100,7,73,20,88,101,114	
75,37,135,164,94,134,16	
75,37,138,54,164,71	
75,37,155,118,143,160,71,167	
75,37,155,71,20,101,132,93	
75,37,156,146,168,20,115,93	
75,37,156,146,78,111	
75,37,156,29,122	
75,37,156,9,55,130,71,83,16	
75,37,163,138,164,134	
75,37,163,156,143	
75,37,163,156,155,55,63,130,41	
75,37,163,156,164,4,104,94,114,16	
75,37,163,2,116,68	
75,37,163,62,140,69,156,155,28,24,130,167,20,41,105,93	
75,37,163,69,155,138,24,73,116,124,145,160,71,20	
75,37,163,69,156,146,78,31,116,112,88	
75,37,17,66,54,160,111,88	
75,37,62,69,156,44,55,146,78,31,16	
75,37,69,138,122	
75,37,69,156,155,146,78,67,111,93	
75,37,69,156,155,2,63	
75,37,69,156,24,130	
75,37,69,156,9,100,78,15,68	
75,37,69,24,73,88	
75,37,7,31,73,88	
75,37,82,130,160	
75,37,9,121,164	
75,37,96,130,114	
75,44,29,130,109	
75,44,7,0,130	
75,55,31,130,105	
75,61,164,122,93	
75,62,138,31,73,130,111	
75,62,156,9,2,118,149,95,121,70	
75,62,17,116,71,93	
75,62,2,29,118,71,16	
75,62,66,82,24,117,78,118	
75,62,69,156,146,78,124,130,71,20,144,93	
75,62,69,2,17,118,31,67,130,20	
75,69,1,24,31,96,0,151	
75,69,10,118,73,70,114	
75,69,118,122,16	
75,69,130,111,16	
75,69,138,118,14	
75,69,138,78,7,96	
75,69,146,122,88,41,101,93	
75,69,155,160,71,70,88,41,144	
75,69,155,31,112,130,160	
75,69,156,1,118,88	
75,69,156,116,71,114	
75,69,156,155,132	
75,69,156,155,143,94	
75,69,156,155,24,118,31,111,109	
75,69,156,155,73,143,130,71,94	
75,69,156,162,2,24,111,71,122	
75,69,156,2,130,71	
75,69,156,2,138,7,63,11,130,114	
75,69,156,2,66,82,118,14,61	
75,69,156,78,160	
75,69,156,9,2,111,20	
75,69,156,9,2,55,146,73,67,143,164,20,94,109,93,114	
75,69,162,55,160	
75,69,2,136,118,160,41,114	
75,69,2,146,130,20,83	
75,69,30,159,70,122	
75,69,30,159,71,70	
75,69,30,78,111,49	
75,69,34,156,155,55,14,124,164,160,68	
75,69,34,2,116,124,112,134	
75,69,57,20,134	
75,69,66,164,70,41,131,18,16	
75,69,7,31,21,116,164,111	
75,69,9,31,105	
75,7,111,71,122,4,16	
75,7,52,101,16	
75,85,112,111,88,101,134,18	
75,85,118,143,95,145,168,160,70,88,41,101,3	
75,85,118,160,101	
75,85,126,135,163,69,156,136,31,73,111,41,49,16	
75,85,126,135,69,156,138,130,111	
75,85,126,156,31,73	
75,85,126,162,146,118,130,111	
75,85,126,163,140,69,156,24,159,121,130,150,111,93	
75,85,126,2,118,116,130,160,150,131,50,16	
75,85,126,69,24,96,111,52,106,131,119	
75,85,135,163,69,156,155,130,105,93	
75,85,135,2,146,31,141	
75,85,138,130,160,150,111,93	
75,85,140,156,155,9,55,24,46,150	
75,85,140,69,156,55,130	
75,85,156,118,130,20,114	
75,85,156,118,31,130	
75,85,156,155,9,2,14,130,68	
75,85,156,155,9,2,55,118,73	
75,85,156,2,10,61,130,41,83	
75,85,156,2,118,73,153,71,93	
75,85,156,2,55	
75,85,156,30,118,31	
75,85,156,44,159,143,130,57,4,105,16	
75,85,156,44,17,160,16	
75,85,156,73,116,134	
75,85,156,78,73,130,122	
75,85,156,9,162,1,78,116,124,49	
75,85,156,9,2,78,130,160,16	
75,85,163,140,69,156,2,130,71	
75,85,163,2,21,116,124,130,93,56	
75,85,163,2,46,130,160	
75,85,163,30,100,130	
75,85,163,69,155,2,55,122,101	
75,85,163,69,156	
75,85,163,69,156,155,2,10,146,78,7,116,164,88,101,151	
75,85,163,69,156,2,143,61,160,150,111,114	
75,85,163,69,156,2,29,66,82,121,130,114	
75,85,163,69,156,55,47,24,145,61,104	
75,85,163,69,156,82,46	
75,85,163,69,2,55,24,99,118,63,124,160,93,114	
75,85,164,160,111,70,131	
75,85,2,100,118,46,160,111,167,41,131,144,105	
75,85,2,118,167	
75,85,2,138,73	
75,85,2,138,78,95,0	
75,85,29,99,78,94,114	
75,85,30,117,118,150	
75,85,31,160,93,16	
75,85,37,118,160,70	
75,85,37,126,135,163,69,17,11,20	
75,85,37,126,163,69,118,73,15,61	
75,85,37,126,163,69,156,9,162,55,138,24,30,130,111,83,93	
75,85,37,126,62,69,29,146,1,99,117,116,95,145,96,164,20,41,144,50,105,119	
75,85,37,135,130,160,167	
75,85,37,135,69,55,10,31,145,164,114,16	
75,85,37,138,100,160,111,105,93	
75,85,37,156,2,118,73,57,167,105	
75,85,37,156,44	
75,85,37,163,118	
75,85,37,163,34,162,2,138,66,1,78,46,111,131	
75,85,37,163,62,69,156,2,118,31,160,111	
75,85,37,163,69	
75,85,37,163,69,41,131,16	
75,85,37,2,73,116,61,54,130,41,101,132,93	
75,85,37,2,99,160	
75,85,37,30,141,0,164,70,122,119,133,16	
75,85,37,62,69,156,2,100,20,114,49	
75,85,37,62,69,17,28	
75,85,37,69,118,150,111	
75,85,37,69,16	
75,85,37,69,2,138,146,111,105,49	
75,85,37,69,9,44,138,30,31,153,111,105	
75,85,37,73,164,41	
75,85,44,2,118	
75,85,55,118,131,114	
75,85,62,138,13,130,160,111,71,122,114	
75,85,62,156,78,61	
75,85,62,34,2,93	
75,85,62,69,16	
75,85,62,69,44	
75,85,62,69,73,130,114	
75,85,69,118,16	
75,85,69,143,116,57	
75,85,69,156,155,2,55,10,29,66,21,116,160,150,111,41,114	
75,85,69,156,155,55,78,124,122,20,93,16	
75,85,69,156,155,9,2,29,136,118,153	
75,85,69,156,2,17,146,130,49	
75,85,69,156,2,82	
75,85,69,156,9,118	
75,85,69,44,2,73,88,131,132	
75,85,69,63,150,111,93	
75,85,7,111,93,16	
75,9,2,29,118,143,130	
75,9,29,130,93	
75,9,73,116,124,131,114	
75,95,160,70,122,41,131,16	
75,96,121,160,122,88,131,3,114	
78,118,164,70,41,16	
78,118,73,164,134	
78,31,14,143,61,164,160,131,105,133	
78,7,73,70,114	
78,70,106,151,16	
78,73,71,70,20,41,134,114	
8,124,160,20,105	
8,126,135,156,2,118,114,49	
8,126,140,69,156,9,55,24,99,143,164,111,104,83,109,133	
8,126,156,155,9,99,61,130,3	
8,126,163,62,69,10,29,66,78,118,73,95,83,101,132,16	
8,126,69,156,162,2,24,115,68,114	
8,130,150,83,16	
8,135,162,130,105	
8,135,163,156,162,136,31	
8,135,163,156,55	
8,135,163,62,14,95,160,71,122,4	
8,135,2,153,149,130,150,105	
8,135,55,78,118	
8,135,69,7,16	
8,136,118,57,16	
8,136,78,61,57,16	
8,140,156,96,61	
8,140,69,156,159	
8,140,69,156,162,2,55,1,78,31,168,61,160,111	
8,156,118,46,111,88,41,114	
8,156,118,7,116,114	
8,156,118,73,61,88,41,105,114,16	
8,156,143,70,122	
8,156,155,118,61,71	
8,156,155,118,73,61,105	
8,156,155,2,24,78,118,164,71,22	
8,156,162,116,16	
8,156,2,31,3,68	
8,156,24,168,131,3,132	
8,156,24,31,73,164	
8,156,31,83,114	
8,156,73,14,96	
8,156,73,153,83,151	
8,156,9,2,66,78,118,7,143,150,119,56	
8,156,9,7,93	
8,162,24,159,20,119,16	
8,163,116,130,160	
8,163,118,31,73,143,93,114	
8,163,140,24,111,83	
8,163,140,34,155,29,78,15,130	
8,163,140,34,31,46	
8,163,140,34,55,146,67,143,116,145,96,141,0,111,134	
8,163,140,69,156,155,118,31,71,20,49	
8,163,140,69,156,155,9,55,118,73,116	
8,163,140,9,118,71	
8,163,156,155,2,160,114	
8,163,156,2,168	
8,163,156,44,2,17,146,168,160,41	
8,163,156,73,160,88,131	
8,163,160,111,94,114	
8,163,2,55,24,145	
8,163,24,26,7,94	
8,163,24,31,150	
8,163,34,156,118,73,143,130,160,70	
8,163,62,140,156,47,118,143,15,130,88	
8,163,69,116,122,88,83,133,114	
8,163,69,117,73,67,116,124,61,164,71,119,134,49	
8,163,69,118,124	
8,163,69,130,160	
8,163,69,155,2,118,14	
8,163,69,156,155,10,66,78,149,164,134	
8,163,69,156,162,2,118,116,15,160,106,88,151,131	
8,163,69,156,2,55,146,61,93	
8,163,69,156,78,105	
8,163,69,156,78,118,31,160,111,167,68,16	
8,163,69,156,9,78,160,111	
8,163,69,160,71,105	
8,163,69,24,117,78	
8,163,69,24,99,118,124	
8,163,69,55,118,71	
8,163,69,7,160,41,114	
8,163,71,41,16	
8,163,78,67,160	
8,163,9,162,88,3	
8,2,118,61,93,68,114	
8,2,136,116,122	
8,2,146,30,61,114	
8,2,7,14,160,111,71	
8,2,73,160,83	
8,24,118,160,104	
8,37,156,155,9,116,61,164,88	
8,37,156,155,9,2,7,94	
8,37,163,118,116	
8,37,163,130,16	
8,37,163,156,10,71,94	
8,37,163,156,2,14,121,70	
8,37,62,156,116,160,111,93	
8,37,69,156,24,118	
8,37,69,156,47,118,73,160	
8,62,69,55,78,73,14,54,111,70,114	
8,64,135,163,62,69,162,2,30,118,124,61,160,111,122,4,115	
8,64,135,73,105	
8,64,156,10,118,116,144	
8,64,156,9,2,146,96,168,61,160,41,109	
8,64,163,69,155,9,162,2,146,30,73,11,160,93,56,114	
8,64,37,135,69,118,153,112,57,93,119	
8,64,37,163,156,44,2,55,149,124,113	
8,64,69,118,124,57,105,114	
8,64,69,118,31,130,160,71,70	
8,64,75,156,95	
8,64,75,85,163,62,69,156,9,55,14	
8,64,85,163,62,69,156,155,2,55,29,1,24,26,118,7,159,143,0,164,13,71,106,20,41,93,56	
8,64,85,37,163,140,69,156,155,55,66,118,31,143,88,115	
8,64,85,37,69,156,44,2,99,118,73,111	
8,69,10,73,20,83	
8,69,138,116,111,114	
8,69,156,2,31,52,114	
8,69,156,26,118,143,116,164,132,105,114	
8,69,156,31,73,122,16	
8,69,156,31,88	
8,69,156,78,116,96,130,71,114	
8,69,2,17,118,14,116,61,130,111	
8,69,41,114,16	
8,69,44,2,55,146,7,111,71,41	
8,69,55,28,63,143,121,114	
8,69,71,167,16	
8,75,126,135,44,2,29,118	
8,75,126,163,118,121,41	
8,75,135,156,2,138,82,73,115,144,94,49	
8,75,135,163,31,94	
8,75,135,31,124,164,133	
8,75,146,100,14,116,124,112,122,104	
8,75,146,67,116	
8,75,155,78,14,116,112,20	
8,75,156,2,118,130	
8,75,156,78,118,73,21,111	
8,75,159,121,160,111,68,16	
8,75,163,130,160,111,49	
8,75,163,149,70,105	
8,75,163,155,2,55,30,149,143,111,88,68	
8,75,163,156,118,73,164,144	
8,75,163,156,130,114	
8,75,163,156,78	
8,75,163,2,55,31,93,114	
8,75,163,62,9,66,118,111	
8,75,163,69,118,124,111	
8,75,163,69,156,2,78,73,153,63,124,168,160,111,167	
8,75,163,69,162,55,143,111,93,119,114,16	
8,75,2,26,73,145,164,131	
8,75,37,163,156,153,159,160,111,131,49,16	
8,75,37,163,69,55,116,46,61,16	
8,75,37,163,69,73,14,70,167	
8,75,37,2,118,14,116,145,130	
8,75,37,2,146,7,3,105,68,16	
8,75,62,140,69,156,2,55,82,31,46,130,3,105	
8,75,69,156,78,118,31,164,160,122,16	
8,75,69,44,29,28,118,116,130,111	
8,75,78,122,20,93	
8,75,85,156,2,116,95,46,93	
8,75,85,156,44,24,118,31,96	
8,75,85,163,69,156,55,146,118,159,67,112,94	
8,75,85,163,69,96	
8,75,85,163,99,21,160,70,167	
8,75,85,2,138,24,118,130,22	
8,75,85,37,135,163,69,156,162,29,118,14,124,96,160,71,41,93,114	
8,75,85,37,162,146,118,41	
8,75,85,69,28,130,160,119	
8,75,9,118,143,116,101,94,114	
8,78,118,14,131	
8,85,136,118,88,41,83,16	
8,85,140,156,9,2,55,29	
8,85,156,116,160,134	
8,85,156,17,24	
8,85,156,99,61	
8,85,163,140,69,156,2,66,118,31,130,71,122,16	
8,85,163,156,118,130,122	
8,85,163,2,31,0,70,167,114	
8,85,163,62,69,13,160	
8,85,163,69,156,9,78	
8,85,163,69,2,29,82,1,61,52,122,93,68,16	
8,85,163,69,9,118,130,105,18	
8,85,24,96,130,160	
8,85,37,126,163,28,118,7,73,149,61,160,150	
8,85,37,163,69,156,2,55,1	
8,85,62,156,155,2,118,31,46,130,111,70,20,83	
8,85,62,69,156,155,9,44,2,78,7,73,16	
8,85,69,156,146,118,95,130,167,68	
8,9,2,55,30,31,0,164,131,119	
8,9,24,117,118,164,114,16	
82,24,164,160,111,122	
85,117,118,130,18	
85,118,0,83,93	
85,118,144,114,16	
85,118,41,151,114	
85,118,63,111,71,93	
85,118,7,122,131	
85,121,130,111,83	
85,126,135,69,156,155,162,2,55,99,73,63,112,130,150,111,70,83,49	
85,126,138,96,15,164,122	
85,126,143,46,111	
85,126,156,0,130,111	
85,126,156,73,121,160,88,101,109,16	
85,126,163,69,118,71	
85,126,2,24,99,118,124,160,94,3	
85,126,30,31,130,160,16	
85,126,62,69,2,78,143,96,122,88,101	
85,126,69,156,31,73,111,20,49	
85,126,69,71,4	
85,126,69,9,17,73	
85,135,118,73,116,164,16	
85,135,140,159,16	
85,135,156,155,44,31	
85,135,156,7,116,111,105,93,16	
85,135,163,155,138,130,160	
85,135,163,156,155,2,55,29,66,83,93	
85,135,163,156,2,146,118,130,160	
85,135,163,69,130,16	
85,135,163,69,155,2,138,78,116,130,160,122,114	
85,135,163,69,156,146,30,7,160,122,93,16	
85,135,163,69,2,118,16	
85,135,163,69,2,146,118,160,16	
85,135,2,160,167	
85,135,2,31,105	
85,135,2,78,31,160,131	
85,135,55,118,96,164,160,20	
85,135,62,155,2,164,160,111,101	
85,135,69,155,9,138,66,78,118	
85,135,69,156,155,2,146,31	
85,135,69,156,2,55,24,164,130,160,122,20,101	
85,135,96,54,160	
85,138,31,11,93	
85,138,73,41,93,16	
85,140,156,2,55,160	
85,146,1,118,7,112,0,20	
85,146,28,94,114	
85,155,118,0,121,16	
85,155,44,31,20	
85,156,118,122,101	
85,156,118,153,116,111,20,114	
85,156,136,61,164,130,160,150,111,16	
85,156,146,143,115	
85,156,146,24,118,41,131,49	
85,156,146,28,118,16	
85,156,146,78,118,7,14,116,61,130,71,105,93	
85,156,155,130,105,93	
85,156,155,146,78,111,151	
85,156,155,44,31,73	
85,156,155,78,130,150,70	
85,156,168,41,114	
85,156,17,160,122,101,114	
85,156,17,28,73,88,101	
85,156,17,7,149,16	
85,156,2,118,73,164,83	
85,156,2,118,73,88	
85,156,2,153,130,160,151	
85,156,2,17,31,114	
85,156,2,55,118,130,71,83	
85,156,2,55,30,118,88,114	
85,156,2,73,160,150	
85,156,2,99,130,160,105,93	
85,156,28,31,14,124,54	
85,156,29,1,118,95	
85,156,30,117,118,160,71,115,94,49	
85,156,44,113,111,20,41,109,114	
85,156,44,138,118	
85,156,44,31,130	
85,156,44,31,16	
85,156,55,29,78,118,116,130,111	
85,156,55,88,114	
85,156,61,4,101	
85,156,66,118,61,130,3	
85,156,66,118,73,46,49	
85,156,7,20,93	
85,156,7,31,150,71	
85,156,78,118,54,130,105	
85,156,78,167,56	
85,156,78,31,160,70	
85,156,78,73,105	
85,156,78,73,116,164,132,105,119	
85,156,9,162,149,61,111,88	
85,156,9,162,73,160,150,105,16	
85,156,9,2,118,101	
85,156,9,2,29,1,30,73,160	
85,156,9,2,31,73,113,144	
85,156,9,2,55	
85,156,9,2,55,10,78,93	
85,156,99,167,41,16	
85,162,10,31,16	
85,162,130,160,71,57,93	
85,162,138,146,24,31,150	
85,162,2,138,78,118,31,46,141,115,41,83	
85,162,2,160,131	
85,162,2,29,146,118,31,46,111	
85,162,2,78,143,111	
85,162,73,88,109	
85,163,140,156,44,55,14,105	
85,163,155,149,160,93	
85,163,156,118,130,93,68	
85,163,156,118,71,88	
85,163,156,155,41	
85,163,156,155,9,2,164	
85,163,156,2,118,88,93,114	
85,163,156,2,55,118,116,124,11,130	
85,163,156,2,55,78,118,116,130	
85,163,156,2,78,31,73,124,113,164,160,88,131	
85,163,156,24,112,164,167,151	
85,163,156,24,78,31,153,70	
85,163,156,55,24,78,167	
85,163,156,55,78	
85,163,156,66,47,124,0	
85,163,156,7,164	
85,163,156,9,162,44,2,130,83,109	
85,163,156,9,2,24,78	
85,163,156,9,78,31,111	
85,163,164,130,167,131,56,16	
85,163,2,146,28,31,122,88,131	
85,163,24,99,130,119	
85,163,29,28,116,130,160,150	
85,163,62,69,9,55,136,7,130,160	
85,163,69,117,116	
85,163,69,117,118,14,168,122,88,131	
85,163,69,130,160,71,41,105	
85,163,69,155,162,29,24,99,117,118,11,112,0,111,114,16	
85,163,69,156,2,10,78,118,116,95,130	
85,163,69,156,2,159,143	
85,163,69,156,28	
85,163,69,156,99,149,46,160,122	
85,163,69,2,55,118,116,13,160,114	
85,163,69,34,18	
85,163,69,55,31,0,20	
85,163,69,55,82,118	
85,163,69,78,7,31,46,160,111	
85,163,69,9,2,55,146,116,130,114	
85,163,9,2,114	
85,164,160,150,70,88,41	
85,2,118,131,16	
85,2,118,160,16	
85,2,118,22,16	
85,2,118,73,164,130,114	
85,2,130,160,101	
85,2,138,130,160	
85,2,138,146,28,118,73,116,88,105	
85,2,138,146,28,7,124	
85,2,160,114,16	
85,2,164,119,114	
85,2,17,118,88,83,16	
85,2,17,138,111,105	
85,2,17,66,30,118,130,16	
85,2,28,118,130,160,150,50	
85,2,29,31,116,130,160,131,114	
85,2,31,160,71	
85,2,55,29,164,160,111	
85,2,7,160,111,131,93	
85,24,118,153,71,88	
85,28,78,160,71	
85,29,118,93,49	
85,30,100,122,20,41,83	
85,30,118,131,114	
85,30,118,71,114	
85,31,116,61,94,119,114	
85,34,146,7,131	
85,34,156,9,2,10,47,24,78,118,73,116,130,105,16	
85,37,118,164,111,131	
85,37,118,73,130,111,114	
85,37,124,93,119,16	
85,37,126,153,130,160,104	
85,37,126,163,140,2,112,144,49,16	
85,37,126,34,164	
85,37,126,99,26,118,73,160,150,122,20,104,101,93	
85,37,135,156,26,118,96,41	
85,37,135,156,9,2,55,13,20,115,93	
85,37,135,99,7	
85,37,138,118,73,63	
85,37,138,124,61,164,20,41,105	
85,37,138,146,149,112,61,54,130,71,122,16	
85,37,156,104,41	
85,37,156,118,164,105	
85,37,156,118,31,160,104	
85,37,156,118,73,111,122,94	
85,37,156,146,117,118,130,88,93,68	
85,37,156,146,24,99,130,16	
85,37,156,2,30,118,160,131,133	
85,37,156,2,99,117,78,73,14,116,164,115,93,16	
85,37,156,66,30,7,105,114	
85,37,156,9,2,24,30,7,13,150,71,105	
85,37,156,9,2,30	
85,37,156,9,2,31,73,113	
85,37,160,71,4	
85,37,163,155,9,104,41	
85,37,163,156,2,118,168,61,54,105,16	
85,37,163,156,2,17,78,7,168,160	
85,37,163,2,55,146,130,132,114	
85,37,163,52,94,68,114	
85,37,163,62,69,156,55,150,111,167,122,94,16	
85,37,163,69,156,130	
85,37,163,69,156,162,2,138,112,46,88	
85,37,163,69,156,28,78,31,21,61,71,56	
85,37,163,69,156,9,2,130,122,133,114	
85,37,163,69,162,55,29,73,16	
85,37,163,9,2,14,116,124,130,114	
85,37,164,160,111,122	
85,37,2,24,73,71	
85,37,2,30,118,130,160,114	
85,37,2,46,150	
85,37,28,118,150,111,131	
85,37,62,69,156,78,124,145,160,105,93	
85,37,69,146,160,71	
85,37,69,156,100,73,0,144,132,105,49	
85,37,69,156,9	
85,37,69,156,93,68,18	
85,37,69,156,99,73,167	
85,37,69,160,71,106	
85,37,69,24,99,31,73,14,96,164,160,150,111	
85,37,69,44,2,55,138,116,124,88	
85,37,69,9,17,73,160,88	
85,44,138,31,124,164,130,160,111,71,56,16	
85,44,17,130,111,122,104,93,114,16	
85,44,78,118,130,160,111	
85,55,130,160,71,49	
85,55,138,63,149,143,122,131	
85,55,24,118,122,3	
85,61,130,160,71,57,105	
85,62,136,164,70,106,167,132,114	
85,62,156,146,82,130,160	
85,62,156,155,68	
85,62,156,55,116,160	
85,62,69,156,44,96,133	
85,62,69,156,46,160,111,41,114	
85,63,0,130,71	
85,66,24,78,153	
85,66,78,160,150,104	
85,69,118,63,116,160,71,122	
85,69,118,7,71,49	
85,69,130,71,93	
85,69,138,78,49	
85,69,146,112,20	
85,69,155,55,153,67,111,41,16	
85,69,155,66,78	
85,69,156,1,31,0,160,150,71,132	
85,69,156,111,20,16	
85,69,156,155,2	
85,69,156,155,2,10,78,119	
85,69,156,162,130,160,70,144	
85,69,156,162,29,160,71,93	
85,69,156,162,7,130,150,115	
85,69,156,2,10,66,136,47,24,99,73,164,111,105	
85,69,156,2,118,112,20,41,114	
85,69,156,2,146,47,78,124,111,93	
85,69,156,24,73,115	
85,69,156,29,117,31,73,153,0,61,160,93,114,16	
85,69,156,31,116,168,88	
85,69,156,73,159,18	
85,69,156,9,100,78,112,119	
85,69,156,9,117,118,116,15	
85,69,156,9,2,24,117,118,160,106,88,131,144,134	
85,69,156,9,44,2,55,146,118,73	
85,69,156,9,55,71	
85,69,156,95,130	
85,69,160,131,16	
85,69,2,1,95,114	
85,69,2,111,71,114	
85,69,2,136,160	
85,69,2,24,116,96,61,94,49	
85,69,2,78,118,73,153,143,116,164,130,160,88,151,131,144	
85,69,24,7,73,124,160,16	
85,69,34,155,130	
85,69,34,156,30,7,13,160,50,114,49,16	
85,69,34,156,66,117,159,130	
85,69,44,47,124,111,71,41,134	
85,69,55,138,24,143,116,111,133	
85,69,55,17,66,146,14,168,160,20	
85,69,7,130,41	
85,69,73,20,88,41,101,16	
85,69,78,160,68	
85,69,9,162,29,7,160,111	
85,9,2,118,31,130,71,144	
85,9,29,118,160	
89,1,118,70,16	
89,10,118,130,83	
89,100,153,122,4,93	
89,102,10,66,164,160,20,41	
89,102,118,160,57	
89,102,126,69,130,150,16	
89,102,126,69,138,30,26,118,88,41,131	
89,102,129,33,115	
89,102,129,69,156,155,55,146	
89,102,156,118,111,167,41,83,131,56,16	
89,102,156,162,116,112,130	
89,102,156,164,160,167	
89,102,163,69,10,29,95,71,20	
89,102,163,69,156,2,118,73,116,130,16	
89,102,165,129,85,69,156,155,2,146,24,78,118,31,153,131,114	
89,102,165,155,138,1,112,130,111	
89,102,165,53,85,37,126,69,156,155,55,30,100,99,78,73,160,94	
89,102,2,124,150,109,68	
89,102,29,100,118,116,95	
89,102,30,122,20,88,16	
89,102,37,156,44,2,66,136,118,73,116,122,16	
89,102,37,156,9,44,2,29	
89,102,37,62,69,66,7,130,16	
89,102,53,64,75,156,155,2,55,29,66,146,30,31	
89,102,53,69,156,162,55,153,111,122,20	
89,102,53,8,64,85,37,135,69,9,162,2,29,136,153,46,130,150,88,41,144	
89,102,64,156,160,114	
89,102,69,156,9,146,28,26,73	
89,102,69,17,1,118,160,71,41,151,131	
89,102,69,99,7	
89,102,75,126,135,44,30,78,61,164,130,160,111,88,105	
89,102,75,163,69,156,10,28,24,63,143,116,160,111,71,41	
89,102,75,69,155,66,47,78,118,31,116,160,131	
89,102,75,85,135,34,156,55,29,73,124,112	
89,102,8,163,138,54,160	
89,102,8,75,135,2,136,118,61,41,101	
89,102,85,156,155,28,118,159,116,113,61,111,71,41,93	
89,102,85,156,2,136,118,20,93,114	
89,102,85,37,69,156,9,162,7,111	
89,102,9,160,115,16	
89,118,124,130,160,111,57	
89,118,130,160,114,16	
89,118,160,70,101,16	
89,118,160,70,16	
89,118,41,131,16	
89,118,73,160,144,16	
89,126,112,57,20	
89,126,118,160,122	
89,126,155,9,2,55,17,138,29,28,118,73,41	
89,126,29,146,99,122,88,104,93	
89,129,126,156,146,99,78,96,160,41,16	
89,129,135,156,155,55,160,111,41	
89,129,135,163,69,44,118,63,95,0,164,130,111,119,114	
89,129,140,69,156,55,29,78,118,31,116,160,88,151	
89,129,156,155,17,57	
89,129,156,28,24,118,159,116,124,96,105	
89,129,163,69,2,55,118,73	
89,129,37,126,135,163,62,69,156,155,55,99,118,116,95,130,70,22,105	
89,129,37,135,69,162,2,24,30,31,153,160,70,4	
89,129,37,136,118,124	
89,129,53,163,69,156,118,111,70	
89,129,53,69,156,155,2,116,111,71	
89,129,53,75,135,163,34,9,2,55,24	
89,129,53,8,163,69,2,1,41,134	
89,129,53,8,75,85,156,28,30,78,31,153,160,41	
89,129,62,69,34,155,2,17,66,24,78,7,130,160,111,71,70,88,41,131,109,132	
89,129,64,37,135,69,156,162,44,138,78,122	
89,129,64,69,156,44,55,7	
89,129,69,10,24,160,16	
89,129,69,156,2,118,160,105,93,16	
89,129,69,156,2,146,31,160	
89,129,69,156,55,66,30,118,113,164,115,109,22,50,56	
89,129,69,156,55,78,118,56	
89,129,75,135,163,9,17	
89,129,75,37,163,69,156,2,55,78,7,160,16	
89,129,75,37,2,24,78,118,73,20,88,114	
89,129,8,163,69,9,2,146,99,114	
89,129,8,37,163,62,2,10,1,116,15,168,164,130,160,3	
89,129,8,64,75,126,163,156,155,55,14,164,167,122,41,105,93	
89,129,8,69,155,162,55,138,10,30,31,149,143,96,101	
89,129,8,75,85,163,62,140,69,156,155,9,2,30,78	
89,129,85,126,135,99,150	
89,129,85,135,163,62,156,155,2,66,78,67,20,3,114	
89,129,85,163,156,2,131,109	
89,129,85,62,69,162,55,138,146,73,130,160,88,104,16	
89,130,70,105,16	
89,135,118,104,16	
89,135,156,2,78	
89,135,9,2,55,146,24,111,93,16	
89,135,9,55,20,101	
89,136,78,160,16	
89,136,95,130,109,16	
89,138,31,143,70,16	
89,138,73,116,0,61,88	
89,138,78,7,160,115	
89,138,96,130,70	
89,146,1,118,116,160	
89,146,78,118,113,46,61,160,150	
89,150,70,88,16	
89,155,118,96,160,111,88	
89,155,44,99,164,122	
89,155,73,67,116	
89,155,73,70,16	
89,156,0,160,68	
89,156,116,88,134	
89,156,117,95,15,130,105	
89,156,118,160,122,20,88,151,131	
89,156,118,164,114	
89,156,118,164,41	
89,156,136,1,118,73,96,130,16	
89,156,138,118,124,70,16	
89,156,153,14,111,93	
89,156,155,146,96,111,20	
89,156,155,78,7,116,131,18,16	
89,156,162,73,160	
89,156,2,118,31,49	
89,156,2,138,118	
89,156,2,164,111,71,93,16	
89,156,2,29,118,164,160,70,101	
89,156,2,31,113,130,160	
89,156,2,55,73,111,131	
89,156,2,66,78,31,122,88,41,114	
89,156,2,73,130,160,71,70,18	
89,156,24,30,78,118,111,115	
89,156,29,118,31,71	
89,156,55,149,54,111	
89,156,55,29,164	
89,156,73,122,133	
89,156,78,118,111	
89,156,78,124,164,93,114,16	
89,156,9,44,55	
89,157,102,37,2,10,29,118,7,31,73,160,70,114,16	
89,157,150,111,70,122,16	
89,157,156,146,118,63	
89,157,69,146,73,16	
89,160,111,122,104,16	
89,160,57,104,16	
89,160,71,52,167	
89,162,138,160,57	
89,162,29,31,94,133,49,16	
89,162,78,118,160,71,167,122,93	
89,163,118,130,57,18	
89,163,124,168,111,71,122,16	
89,163,155,143,96,71,16	
89,163,156,111,4,131	
89,163,156,118,31,116,160,20,115	
89,163,156,155,150	
89,163,156,44,2,118,73	
89,163,156,55,118,95	
89,163,156,73,160	
89,163,160,71,122,4	
89,163,162,73,14,124,160,115	
89,163,17,118,160	
89,163,24,30,118,130	
89,163,34,2,26,31,160,131	
89,163,62,140,69,138,66,146,24,118,130,160,71,167	
89,163,62,2,118,94	
89,163,62,69,156,44,29,47,24,118	
89,163,69,118,160	
89,163,69,155,78,118	
89,163,69,156,143,95,83,114	
89,163,69,156,155,55,28,124,112,15,164,130,160,111,122,20,131,93	
89,163,69,156,160,131	
89,163,69,156,162,160,88,16	
89,163,69,156,2,17,31,111	
89,163,69,156,71,144	
89,163,69,156,9,2,66,7	
89,163,69,162,2,55,29,78,7,73,130,111,4	
89,163,69,162,93	
89,163,69,24,118,7,112,71,94	
89,163,69,29,66,153,143,112,46,54,41,93,114	
89,163,69,31,20	
89,163,7,21,153,160,93	
89,163,9,2,55,29,28,78,143,11,160,167,131,114	
89,163,99,7,63	
89,164,70,52,167,16	
89,165,118,160,111,16	
89,165,118,31,141,160,70,16	
89,165,118,70,4,88,16	
89,165,126,163,69,118,70	
89,165,126,69,2,10,78,118,116,160,41	
89,165,129,163,69,156,63,122	
89,165,129,37,156,162,55,28,78,118,7,96,160,111,122,20,88,49	
89,165,129,53,69,29,31,114,16	
89,165,129,64,85,140,69,99,7,160,83,3	
89,165,129,8,75,163,140,156,155,78,21,164,20,88	
89,165,135,156,55,7,111,20,88	
89,165,135,62,69,10,66,146,1,30,78,118,95,0,16	
89,165,140,69,10,116,61,16	
89,165,155,78,61	
89,165,156,118,115,16	
89,165,156,118,71	
89,165,156,146,160,115,144	
89,165,156,9,162,2,31,132	
89,165,162,118,13,160,70	
89,165,163,69,156,44,2,73,88	
89,165,31,130,160,70,16	
89,165,33,75,85,37,163,62,140,69,156,9,2,55,10,146,24,31,73,153,116	
89,165,37,69,122,93	
89,165,37,69,2,118,31,130,160,111,114	
89,165,53,156,155,55,24,117,7,31,73,164	
89,165,53,163,69,29,116,61,164,132	
89,165,53,75,9,138,31,124,160,111,56	
89,165,53,8,163,69,138,14,94,16	
89,165,69,156,2,118,160,71,41,114	
89,165,69,2,55,78,153,13,130,160,71,114,16	
89,165,69,24,118	
89,165,69,31,0,130,70,106,16	
89,165,69,9,29,78,118,73,61,130,160,114,16	
89,165,75,2,66,30,160,111,93,114	
89,165,75,2,99,118,31,96,15,52,114	
89,165,85,118,116,130,71,22,105,16	
89,165,85,160,105	
89,165,85,37,73,124,164,134,49	
89,165,85,69,156,2,118,130,160,71,114	
89,17,118,150,88,16	
89,17,29,118,101,16	
89,17,29,118,160,16	
89,17,31,63,160,122,4,132	
89,17,78,73,122	
89,2,118,130,160	
89,2,118,73,121,160	
89,2,57,167,16	
89,2,73,0,16	
89,2,73,116,160,71,18	
89,24,118,160,167	
89,24,30,96,164	
89,24,78,130,71	
89,24,78,160,111,93,49	
89,29,118,124,131	
89,29,118,160,70,16	
89,29,118,31,111,70,167,88,16	
89,29,146,131,16	
89,31,21,164,3	
89,33,37,9,2,24,7,46,168,160,111,105	
89,33,64,126,69,156,9,162,2,10,24,164,20,151	
89,33,69,2,31,143,105,16	
89,33,75,69,156,155,9,55,99,118,73,160,114	
89,33,8,163,78,118,14,159,150,93	
89,33,8,75,140,14,116,11,130	
89,33,85,126,69,156,9,2,153,112,61,130,20,41	
89,34,138,73,145,130	
89,34,156,162,17,24,78,31,73,116,95,164,160,71	
89,34,156,31,130,114	
89,34,2,118,144	
89,37,118,73,160,111,70,122,131,105	
89,37,135,156,155,55	
89,37,135,156,9,162,44,2,55,10,29,47,78,118,124,20	
89,37,138,145,61,114	
89,37,143,61,130,160,71,57	
89,37,155,31,160	
89,37,156,118,14,143,160	
89,37,156,118,160,104,16	
89,37,156,155,2,3	
89,37,156,2,29,146,73,160,16	
89,37,156,29,24,30,93,16	
89,37,156,7,63,149,143,124,130,160,71	
89,37,156,9,2	
89,37,156,9,2,29,118,130,105	
89,37,163,140,156,28,1,160	
89,37,163,146,82,7,31,63,116,0,130,160,88,16	
89,37,163,156,118,73,164	
89,37,163,156,136,118,116,130	
89,37,163,156,155,78,31,113,112,111,20,41	
89,37,163,156,2,26,149,130,111	
89,37,163,62,156,155,162,10,146,82,78,63,149,67,143,95,46,96,0,13,150,71,57,41,105	
89,37,163,69,156,2,73,160,93,16	
89,37,2,7,160	
89,37,28,30,73,153,121	
89,37,55,94,132	
89,37,62,61,71,114	
89,37,66,118,160	
89,37,69,156,155,162,44,2,55,66,1,143,95,112,4,20,41,131	
89,37,69,156,66,118,46,131,93	
89,37,69,2,66,78,118,130,114	
89,37,69,2,95,111,16	
89,37,69,66,31,143,105	
89,37,9,160,70,115,16	
89,44,10,118,13,16	
89,44,118,130,160,70,16	
89,53,126,156,118,73,160,101	
89,53,135,163,34,156,9,24,31,124,160,111,41,83,101,105,93	
89,53,135,69,156,118,31,21,116,168	
89,53,136,24,73	
89,53,156,2,118,31,93,16	
89,53,163,69,156,155,2,55,29,124,164	
89,53,2,136,113,46,122,119,16	
89,53,29,26,7,160,88	
89,53,64,75,69,156,10,78,118,124,61,41	
89,53,64,85,37,156,2,29,24,7,121,164,130,111,20,83,101,151,105,49	
89,53,66,118,96,3	
89,53,69,100,118,153,130,105,114	
89,53,69,118,96,101,16	
89,53,69,156,164	
89,53,69,162,2,143,160	
89,53,75,130,160,150,70,167	
89,53,75,135,55,160,111	
89,53,75,162,7,68,134	
89,53,75,163,69,9,10,66,146,117,21,159,143,164,111,41	
89,53,75,85,37,163,156,155,9,2,29,66,24,100,26,31,116,112,61,54,160,111,41,50,105,93,56	
89,53,8,135,163,156,155,118,61,130,114	
89,53,8,156,118,116	
89,53,8,163,155,2,136,118,31,73,143,0	
89,53,8,37,126,69,156,155,9,2,73,130,105,93	
89,53,8,64,126,163,69,162,118,121,93	
89,53,8,64,163,156,155,162,149,61,41,134,16	
89,53,8,85,126,69,156,117,78,160,41	
89,53,8,85,163,62,69,138,29,95,130,160,88,151,93,114	
89,53,8,85,69,156,44,55,21,130,94,105,93,56	
89,53,85,163,140,156,9,2,55,104,114	
89,53,85,163,69,156,9,118,160	
89,53,85,69,156,2,55,146,7,112,20,56,49	
89,53,85,69,2,24,118,130	
89,53,85,69,2,71,167,68	
89,53,85,69,44,138,160	
89,62,118,160,57,104,93,16	
89,62,136,130,70	
89,62,9,2,78,164	
89,64,126,55,26,78,143,144,93,114	
89,64,135,138,61,160,122,93	
89,64,136,0,93	
89,64,156,118,143,96,105	
89,64,156,155,9,28,73,11,16	
89,64,156,162,118,83,94	
89,64,156,73,16	
89,64,163,156,78,7,153	
89,64,163,62,141,93,114	
89,64,34,156,28,24,118,7,20,119	
89,64,37,163,156,41	
89,64,37,69,44,1,24,132	
89,64,62,69,118,164	
89,64,69,118,149,11,16	
89,64,69,2,146,141,130,160	
89,64,69,2,29,31,124,111,70,109,93,114	
89,64,75,156,149,160,104,94,105,133	
89,64,75,156,2,7	
89,64,75,163,156,2,118	
89,64,75,69,162,2,30,26,7,111,20,41,131,56	
89,64,75,85,37,69,155,138,82,73,21,149,112,46,61,104,41,49,18	
89,64,85,146,111	
89,64,85,156,29,118,143,11,160	
89,64,85,163,156,138,78,118,153,116,96,160,111	
89,64,85,37,156,17,24,30,7,149,96,168,130,111,20,101,94,114	
89,64,85,37,69,29,66,100,118,31,73,4,132,93,133	
89,64,85,62,69,155,2,7,31,116,61	
89,66,118,46,121	
89,66,118,95,20,144,93,68	
89,69,117,73,111,20	
89,69,118,112,160,119,56	
89,69,118,143,71,167	
89,69,118,31,116,124,130,70,16	
89,69,118,46,164,160,3	
89,69,118,70,16	
89,69,136,118,160,122,20	
89,69,146,160,70,57,83	
89,69,146,78,160	
89,69,149,143,116,164,70,93,16	
89,69,155,55,21,143,57,18	
89,69,155,73,160,68	
89,69,155,9,55,66,14,150,111,122	
89,69,156,118,145,115,16	
89,69,156,138,24,100,119,56,16	
89,69,156,155,111	
89,69,156,155,61,122,20,88,41	
89,69,156,162,44,2,55,31,130,160,20,115	
89,69,156,162,78,118,7,130,160,41,94,16	
89,69,156,2,160	
89,69,156,2,24,26,21,159,61,150,111,71,122,83	
89,69,156,29,7,112,96	
89,69,156,55,78,73,141,13,130,160	
89,69,156,66,30,99,31,73,122,16	
89,69,156,9,66,160,131,114	
89,69,162,2,138,146,24,118,31,73,101	
89,69,162,2,66,136,130,111,16	
89,69,162,73,88,3	
89,69,162,78,73,93	
89,69,17,118,167,83,16	
89,69,2,1,118,130,160,70,16	
89,69,2,118,160,70	
89,69,2,130,160,70,16	
89,69,2,160,16	
89,69,2,55,146,160,105,119	
89,69,2,61,104,50,119	
89,69,2,96,130,52,16	
89,69,29,118,164,160,16	
89,69,29,95,111	
89,69,31,150,111,41,131	
89,69,31,63,0,16	
89,69,34,156,2	
89,69,34,71,167	
89,69,55,28,31	
89,69,55,99,78,118,164,130,114	
89,69,9,2,10,31,111,104	
89,69,9,2,55,24,118,21	
89,7,164,160,16	
89,73,160,122,114,16	
89,75,126,9,118,31,71	
89,75,135,2,55,78,118,46,122,114	
89,75,135,55,118,70,101,93	
89,75,135,69,156,155,55,31,145,164,130,71,88	
89,75,135,69,156,2,55,146,24,78,73,116,145,0,41,131,93	
89,75,135,69,66,118,130	
89,75,155,2,31,116,111,105,114	
89,75,155,78,118,116,160	
89,75,156,138,82,24,130,111	
89,75,156,146,28,24,118,73,111,104	
89,75,156,2,118,130,160,93	
89,75,156,2,17,149,88,83	
89,75,156,29,30,7,104	
89,75,156,73,130,160,71,70	
89,75,160,111,122,93,119	
89,75,163,156,88,151	
89,75,163,62,9,2,55,71	
89,75,163,69,118,160,111,71,132	
89,75,163,69,156,118,31,61,130	
89,75,2,164,160,70,68	
89,75,2,73,13,160,93,114	
89,75,2,78,118,141,160	
89,75,37,1,31,16	
89,75,37,156,146,78,73,124,111,41,151	
89,75,37,156,162,78,31,116,83	
89,75,37,156,44	
89,75,37,156,9,78,116,114	
89,75,37,163,140,69,9,2,10,61,16	
89,75,37,163,69,156,2,55,136,24,73,13,160,111,105	
89,75,37,2,17,29,124,130,160,115	
89,75,62,69,156,29,146,63,114	
89,75,69,156,55,29,146,78,118,73,124,112	
89,75,69,162,2,55,66,47,7,153,61,130,144,18	
89,75,69,2,55,30,149,164,130,16	
89,75,69,2,66,73,46,160	
89,75,69,55,24,116,71,105	
89,75,69,66,146,117,164,119,114	
89,75,69,82,112,130,94,114	
89,75,85,126,69,34,155,9,44,2,31,14,111,88,131,16	
89,75,85,135,163,69,47,21,149,143,164,160,111,71,93	
89,75,85,156,130,101,94,114	
89,75,85,163,44,31,95,4,16	
89,75,85,163,69,156,2,55,28,118,73,164,115,114	
89,75,85,37,126,130,160,71,115	
89,75,85,37,14,112	
89,75,85,37,2,73,130,20	
89,75,85,37,69,156,155,28,136,73,0,130,167,122,20,41,50,105,93,56	
89,75,85,69,156,155,55,66,78,68	
89,75,85,69,156,2,118,130,160,41,114	
89,75,85,69,16	
89,75,85,69,9,73,160,41,105	
89,75,85,9,162,28,116,160,70,93	
89,78,118,0,164,70,57,93,16	
89,78,73,130,114	
89,8,135,163,69,156,155,29,118,7,31,73,15,160,111,41,3,132,93,114	
89,8,156,118,73,111	
89,8,163,156,155,9,2,146,118,116	
89,8,163,69,7,73,160,16	
89,8,163,69,9,113,160,88	
89,8,17,29,118,56,18	
89,8,37,126,163,69,156,9,44,2,29,146,82,30,7,73,131	
89,8,37,156,146,7,31,144,105	
89,8,55,118,63,11,160	
89,8,64,2,10,146,78,118,73,13	
89,8,64,37,163,140,69,2,1,118,68	
89,8,64,69,156,155,78,21,71	
89,8,69,100,78,21,116,124,112,164,133,16	
89,8,75,168,164	
89,8,75,2,31,116,160,20,105,93,49	
89,8,75,62,69,156,162,117,31,46,160	
89,8,75,69,156,44,55,17,66,118,3	
89,8,75,85,135,163,156,7,31,111,71,119	
89,8,75,85,163,69,156,1,143,112,96,41,114	
89,8,85,163,69,156,31,114	
89,8,85,37,135,163,69,156,95,134	
89,8,85,62,24,78,7,153,124,112,0,164,144	
89,8,85,69,155,2,138,29,63,145,168,114	
89,85,118,160,119,16	
89,85,126,135,69,73,160,83,93,16	
89,85,126,69,28,30,78,7,122,114	
89,85,135,156,155,118,21,67,124,15,134	
89,85,135,156,155,162,73,160,111,20,104,105	
89,85,135,2,16	
89,85,135,69,156,9,1,118,14,116,124,115,41	
89,85,135,69,162,100,26,167,144	
89,85,146,73,130	
89,85,153,160,122,16	
89,85,155,2,118,73,13,130,160,114	
89,85,155,30,149,111	
89,85,156,10,31,111	
89,85,156,118,160	
89,85,156,162,44,2,10,29,99,7,164,160,122,20,104,41,93,114,16	
89,85,156,2,28,73,116,11,164,4,56	
89,85,156,2,55,7,130	
89,85,156,28,24,78,118,7,159,160,94,93,16	
89,85,156,44,2,7,141,160,111,16	
89,85,156,55,82,160,22	
89,85,156,9,44,55,118,56	
89,85,163,140,156,21,143	
89,85,163,156,2,26,73	
89,85,163,62,69,156,7,104	
89,85,163,69,146,96,134	
89,85,163,69,156,24,78,14,116,124,112,46,130,114	
89,85,163,69,66,111,20,88	
89,85,163,69,9,2,29,146,82,24,78,130	
89,85,2,30,61,130,160,71,88	
89,85,2,30,99,31	
89,85,2,70,20	
89,85,37,118,73,116	
89,85,37,135,69,156,155,9,55,61,122,4,49,16	
89,85,37,156,10,28,7,73,153,143,95,160,150,20,88,41,83,94,93,56	
89,85,37,163,156,2,118,73,143,164,101,3,119,16	
89,85,37,163,55,73,61,54,71	
89,85,37,54,70	
89,85,37,69,155,9,162,44,2,55,10,24,118,7,31,73,149,145,111,122,88,115,41,16	
89,85,37,69,156,9,162,2,55,146,31,94	
89,85,37,82,99,118,160,83,131,16	
89,85,37,9,17,71	
89,85,44,136,130,160,71	
89,85,62,69,44,47,118,130	
89,85,69,155,29,78,118,31,93	
89,85,69,155,44,55,28,99,7,160,111,122	
89,85,69,156,2,164,16	
89,85,69,156,24,118,7,31,21,143,124	
89,85,69,156,78,57,94	
89,85,69,17,28,118,160,104	
89,85,9,2,121,130,20,105,16	
89,9,2,146,31,73,164,144,93	
89,9,30,78,115,144,94,109,56,49,16	
89,96,160,22,16	
9,138,136,149,11,160,16	
9,146,118,14,116,61,164	
9,146,153,115,101,16	
9,162,118,144,68	
9,162,160,111,131,105,16	
9,162,160,122,88,115,41,16	
9,162,160,71,115	
9,162,2,7,20,16	
9,164,160,71,41,131,16	
9,17,146,118,73,160,115,104	
9,2,1,31,116,124,3,119	
9,2,136,124,46	
9,2,143,130,71	
9,2,7,31,14,167,16	
9,2,73,130,111,68,49	
9,2,78,7,13,20	
9,21,116,130,70,57,3	
9,28,118,73,96,111	
9,30,73,20,88,93	
9,44,2,29,164	
9,55,131,18,16	
9,55,14,112,114	
9,55,146,116,20	
9,55,78,14,150,114	
9,63,106,94,16	
9,7,73,160,122,4,88,104,41,83	
96,0,160,71,104,134	
99,124,164,130,160,111,16	
99,150,70,93,16	
99,21,11,164,134	
99,7,167,122,41,83,132	
99,78,118,130,160,71,16	
