10,146,153,2,67	9
10,146,153,53,67	9
10,146,2,67,80	11
103,110,146,2,67	11
103,116,146,153,67	9
103,122,146,153,67	11
103,122,146,2,67	9
103,134,153,67,73	9
103,134,153,67,80	9
103,137,146,2,37	9
103,145,146,153,67	9
103,145,146,2,67	10
103,145,146,2,80	9
103,145,2,53,67	9
103,145,2,67,80	9
103,145,53,67,80	10
103,146,150,153,67	13
103,146,150,2,31	9
103,146,150,2,67	13
103,146,153,2,37	11
103,146,153,2,53	10
103,146,153,2,67	19
103,146,153,2,73	9
103,146,153,2,80	10
103,146,153,24,67	12
103,146,153,24,73	9
103,146,153,37,53	9
103,146,153,37,67	13
103,146,153,51,67	9
103,146,153,53,67	11
103,146,153,67,73	13
103,146,153,67,75	11
103,146,153,67,80	14
103,146,153,73,80	10
103,146,2,24,67	14
103,146,2,37,67	15
103,146,2,37,80	9
103,146,2,53,67	14
103,146,2,67,71	10
103,146,2,67,73	14
103,146,2,67,80	18
103,146,2,73,80	9
103,146,24,67,73	10
103,146,37,67,80	10
103,146,53,67,80	10
103,146,67,73,80	13
103,150,153,67,73	10
103,153,2,67,73	9
103,153,2,67,80	11
103,153,67,73,80	12
103,2,24,53,67	9
103,2,37,67,80	10
103,2,53,67,80	11
103,2,67,73,80	11
106,110,122,150,2	10
106,110,146,150,67	10
106,110,146,153,67	9
106,110,146,2,67	11
106,110,146,2,80	11
106,110,146,67,80	10
106,110,150,2,67	9
106,110,2,67,80	10
106,146,150,2,67	9
106,146,150,67,80	11
106,146,153,2,67	9
106,146,153,2,80	9
106,146,153,67,73	10
106,146,153,67,80	11
106,146,2,67,80	13
106,146,2,80,84	9
106,146,67,73,80	9
106,153,2,67,80	9
108,110,146,153,2	11
108,110,146,153,67	11
108,110,146,2,67	11
108,110,146,2,80	9
108,122,153,2,80	9
108,145,146,2,67	10
108,145,146,53,67	9
108,145,2,67,80	9
108,146,153,2,53	9
108,146,153,2,67	13
108,146,153,2,80	10
108,146,153,53,67	11
108,146,153,67,73	9
108,146,153,67,75	11
108,146,2,53,67	11
108,146,2,53,80	10
108,146,2,67,75	9
108,146,2,67,80	10
108,146,2,75,80	9
108,153,2,53,80	9
108,153,2,67,80	10
108,2,53,67,80	10
110,121,146,153,67	10
110,121,146,53,67	11
110,121,146,67,75	10
110,122,146,153,2	9
110,122,146,153,67	12
110,122,146,153,80	11
110,122,146,2,67	10
110,122,146,2,80	13
110,122,150,2,67	9
110,122,150,2,80	10
110,122,2,67,80	10
110,131,146,153,67	10
110,134,146,153,67	9
110,137,146,2,67	9
110,145,146,153,53	10
110,145,146,153,67	15
110,145,146,153,8	11
110,145,146,2,8	9
110,145,146,2,80	9
110,145,146,53,67	12
110,145,146,67,8	9
110,145,153,53,67	9
110,145,153,67,8	9
110,145,153,67,80	9
110,146,150,153,67	15
110,146,150,2,67	16
110,146,150,2,80	10
110,146,150,31,67	9
110,146,150,37,67	9
110,146,150,40,67	10
110,146,150,67,75	9
110,146,150,67,8	9
110,146,150,67,80	11
110,146,150,67,84	9
110,146,153,2,53	12
110,146,153,2,67	23
110,146,153,2,71	9
110,146,153,2,8	12
110,146,153,2,80	22
110,146,153,2,84	12
110,146,153,2,99	11
110,146,153,31,67	10
110,146,153,37,67	10
110,146,153,37,80	10
110,146,153,51,67	11
110,146,153,53,67	16
110,146,153,53,80	11
110,146,153,60,67	10
110,146,153,67,71	11
110,146,153,67,73	13
110,146,153,67,8	17
110,146,153,67,80	20
110,146,153,67,84	10
110,146,153,73,80	9
110,146,153,8,80	14
110,146,153,80,84	10
110,146,2,24,67	9
110,146,2,37,67	11
110,146,2,37,80	10
110,146,2,53,67	13
110,146,2,53,80	15
110,146,2,53,83	9
110,146,2,53,9	10
110,146,2,67,71	12
110,146,2,67,8	11
110,146,2,67,80	25
110,146,2,67,84	9
110,146,2,67,99	10
110,146,2,71,80	15
110,146,2,73,80	10
110,146,2,8,80	13
110,146,2,80,84	11
110,146,53,67,71	9
110,146,53,67,73	9
110,146,53,67,75	9
110,146,53,67,8	9
110,146,53,67,80	12
110,146,53,67,84	9
110,146,53,71,73	9
110,146,67,73,80	12
110,146,67,73,84	9
110,146,67,8,80	15
110,146,67,80,84	9
110,150,153,2,67	10
110,150,153,67,80	9
110,150,2,67,80	12
110,153,2,53,67	11
110,153,2,53,80	11
110,153,2,67,8	10
110,153,2,67,80	18
110,153,37,67,80	9
110,153,53,67,80	12
110,153,67,73,80	11
110,153,67,8,80	13
110,2,37,67,80	9
110,2,53,67,80	13
110,2,67,8,80	9
116,145,146,53,67	9
116,146,153,2,67	10
116,146,2,53,9	9
116,146,67,73,75	9
118,146,2,67,80	10
121,145,146,153,67	9
121,145,146,2,67	9
121,146,153,2,67	12
121,146,153,67,73	9
121,146,153,67,75	12
121,146,153,67,80	10
121,146,2,67,75	9
122,145,146,153,67	13
122,145,146,153,73	9
122,145,146,37,67	9
122,145,146,67,73	10
122,146,150,2,67	10
122,146,150,2,80	10
122,146,153,2,67	14
122,146,153,2,80	15
122,146,153,24,67	10
122,146,153,37,67	11
122,146,153,67,73	13
122,146,153,67,75	9
122,146,153,67,80	17
122,146,2,53,67	9
122,146,2,53,80	11
122,146,2,67,71	9
122,146,2,67,73	10
122,146,2,67,80	20
122,146,2,73,80	9
122,146,2,75,80	9
122,146,53,67,80	10
122,146,67,73,80	13
122,150,2,67,84	9
122,153,2,67,80	14
122,2,53,67,80	10
122,2,67,75,80	9
131,146,153,2,67	9
131,146,153,67,73	10
131,146,153,67,80	10
131,146,67,73,80	9
134,146,153,2,67	14
134,146,153,2,80	11
134,146,153,67,73	10
134,146,153,67,80	13
134,146,2,67,80	11
134,153,2,67,80	10
137,145,146,153,2	9
137,146,153,2,37	9
137,146,153,2,53	11
137,146,153,2,67	13
137,146,153,2,8	9
137,146,153,2,9	9
137,146,153,37,67	10
137,146,153,53,67	9
137,146,153,67,73	9
137,146,153,67,9	9
137,146,2,37,53	9
137,146,2,37,67	11
137,146,2,53,67	12
137,146,2,53,9	11
137,146,2,67,73	9
137,146,2,67,75	9
137,146,2,67,80	12
137,146,2,67,9	12
137,146,53,67,73	11
137,146,53,67,75	9
137,146,53,67,80	9
137,146,53,67,9	9
137,146,67,73,75	11
137,153,2,67,80	9
137,153,2,67,9	10
137,2,53,67,9	10
14,146,153,53,67	9
145,146,150,53,67	10
145,146,153,2,53	11
145,146,153,2,67	16
145,146,153,2,75	11
145,146,153,2,8	9
145,146,153,2,80	17
145,146,153,2,9	9
145,146,153,24,67	9
145,146,153,37,53	9
145,146,153,37,67	9
145,146,153,51,67	10
145,146,153,53,67	16
145,146,153,53,80	10
145,146,153,60,67	13
145,146,153,67,7	10
145,146,153,67,73	12
145,146,153,67,75	14
145,146,153,67,8	10
145,146,153,67,80	15
145,146,153,75,80	9
145,146,153,8,84	9
145,146,2,29,67	9
145,146,2,29,80	10
145,146,2,37,67	10
145,146,2,53,64	9
145,146,2,53,67	15
145,146,2,53,75	9
145,146,2,53,80	12
145,146,2,60,67	9
145,146,2,60,80	9
145,146,2,67,7	10
145,146,2,67,75	13
145,146,2,67,8	9
145,146,2,67,80	22
145,146,2,67,84	9
145,146,2,67,9	11
145,146,2,73,80	9
145,146,2,75,80	12
145,146,2,80,9	12
145,146,20,53,67	9
145,146,37,53,67	13
145,146,51,53,67	10
145,146,53,64,67	9
145,146,53,67,71	9
145,146,53,67,73	9
145,146,53,67,75	12
145,146,53,67,80	16
145,146,53,67,84	11
145,146,53,67,87	10
145,146,53,67,9	10
145,146,53,75,80	9
145,146,67,73,80	10
145,146,67,75,80	13
145,146,67,75,9	9
145,153,2,67,75	9
145,153,2,67,80	13
145,153,2,75,80	9
145,153,53,67,80	11
145,2,53,67,80	12
145,2,67,7,80	10
145,2,67,75,80	11
145,2,67,80,9	10
146,149,153,2,67	13
146,150,153,16,67	10
146,150,153,2,37	12
146,150,153,2,67	14
146,150,153,37,67	13
146,150,153,51,67	9
146,150,153,53,67	9
146,150,153,67,71	11
146,150,153,67,73	12
146,150,153,67,75	10
146,150,153,67,8	10
146,150,153,67,80	11
146,150,153,67,84	10
146,150,2,31,67	11
146,150,2,37,67	12
146,150,2,53,67	11
146,150,2,53,80	9
146,150,2,67,71	11
146,150,2,67,73	9
146,150,2,67,80	11
146,150,2,67,84	10
146,150,2,73,80	9
146,150,53,67,84	9
146,150,67,75,8	9
146,152,2,37,67	9
146,152,2,53,67	9
146,153,154,2,80	9
146,153,16,2,67	11
146,153,2,24,67	15
146,153,2,24,80	9
146,153,2,29,67	11
146,153,2,29,80	10
146,153,2,31,67	9
146,153,2,37,53	11
146,153,2,37,67	22
146,153,2,37,7	10
146,153,2,37,80	18
146,153,2,37,84	10
146,153,2,37,9	9
146,153,2,43,67	10
146,153,2,51,67	11
146,153,2,53,67	23
146,153,2,53,73	11
146,153,2,53,75	11
146,153,2,53,80	16
146,153,2,53,84	9
146,153,2,60,67	10
146,153,2,64,67	12
146,153,2,67,7	13
146,153,2,67,71	16
146,153,2,67,73	23
146,153,2,67,75	14
146,153,2,67,8	13
146,153,2,67,80	35
146,153,2,67,83	10
146,153,2,67,84	16
146,153,2,67,9	15
146,153,2,67,99	12
146,153,2,7,80	9
146,153,2,71,80	10
146,153,2,71,84	12
146,153,2,73,80	15
146,153,2,73,84	9
146,153,2,75,80	15
146,153,2,8,80	10
146,153,2,80,83	9
146,153,2,80,84	15
146,153,2,80,9	13
146,153,2,80,99	12
146,153,2,84,99	9
146,153,24,53,67	13
146,153,24,67,73	14
146,153,24,67,80	13
146,153,24,73,80	9
146,153,29,53,67	10
146,153,29,67,80	10
146,153,30,67,80	9
146,153,31,37,67	12
146,153,31,67,73	12
146,153,31,67,80	12
146,153,31,73,80	9
146,153,37,51,67	9
146,153,37,53,67	17
146,153,37,53,80	9
146,153,37,67,73	16
146,153,37,67,75	12
146,153,37,67,80	24
146,153,37,67,99	10
146,153,37,73,80	11
146,153,51,67,73	10
146,153,51,67,75	10
146,153,51,67,8	9
146,153,53,60,67	11
146,153,53,64,67	10
146,153,53,67,7	11
146,153,53,67,71	9
146,153,53,67,73	15
146,153,53,67,75	13
146,153,53,67,8	10
146,153,53,67,80	19
146,153,53,67,84	9
146,153,53,73,80	9
146,153,60,67,73	9
146,153,60,67,80	10
146,153,64,67,75	9
146,153,67,69,80	9
146,153,67,7,80	10
146,153,67,71,73	9
146,153,67,71,80	9
146,153,67,73,75	12
146,153,67,73,8	14
146,153,67,73,80	30
146,153,67,73,84	10
146,153,67,73,9	11
146,153,67,75,8	12
146,153,67,75,80	15
146,153,67,75,9	12
146,153,67,8,80	19
146,153,67,80,84	12
146,153,67,80,9	12
146,153,67,80,99	10
146,153,73,8,80	9
146,153,8,80,84	9
146,153,80,84,99	9
146,154,2,67,80	9
146,2,20,40,67	9
146,2,20,53,67	12
146,2,20,53,80	9
146,2,20,67,80	9
146,2,24,53,67	15
146,2,24,67,69	9
146,2,24,67,73	10
146,2,24,67,80	12
146,2,29,37,84	9
146,2,29,67,80	11
146,2,30,37,80	10
146,2,31,37,67	10
146,2,31,37,80	11
146,2,31,67,80	12
146,2,31,67,84	10
146,2,37,43,67	9
146,2,37,53,67	15
146,2,37,53,80	11
146,2,37,67,7	9
146,2,37,67,71	10
146,2,37,67,73	12
146,2,37,67,80	23
146,2,37,67,84	10
146,2,37,67,9	10
146,2,37,67,99	11
146,2,37,73,80	10
146,2,37,75,80	9
146,2,37,80,9	11
146,2,37,80,97	9
146,2,37,80,99	9
146,2,53,64,67	9
146,2,53,67,7	10
146,2,53,67,71	11
146,2,53,67,73	17
146,2,53,67,75	13
146,2,53,67,8	10
146,2,53,67,80	24
146,2,53,67,84	12
146,2,53,67,87	9
146,2,53,67,9	11
146,2,53,67,99	9
146,2,53,7,80	9
146,2,53,73,80	11
146,2,53,75,80	11
146,2,53,75,9	9
146,2,53,80,84	9
146,2,53,80,9	12
146,2,53,80,99	9
146,2,60,67,80	11
146,2,67,69,80	11
146,2,67,7,80	11
146,2,67,71,73	9
146,2,67,71,75	10
146,2,67,71,80	11
146,2,67,71,84	10
146,2,67,71,9	12
146,2,67,73,75	10
146,2,67,73,80	24
146,2,67,73,84	9
146,2,67,73,9	12
146,2,67,75,80	16
146,2,67,8,80	13
146,2,67,80,84	14
146,2,67,80,9	17
146,2,67,80,95	12
146,2,67,80,97	9
146,2,67,80,99	14
146,2,67,84,9	10
146,2,71,80,9	9
146,2,73,80,9	10
146,2,75,80,9	11
146,2,80,84,99	9
146,30,67,80,99	9
146,31,37,67,80	13
146,37,53,67,75	12
146,37,53,67,80	16
146,37,53,67,9	10
146,37,67,73,80	13
146,37,67,75,80	9
146,37,67,8,80	9
146,37,67,80,84	9
146,37,67,80,9	9
146,37,67,80,95	11
146,37,67,80,99	10
146,51,53,67,75	9
146,53,67,71,73	9
146,53,67,73,75	12
146,53,67,73,80	16
146,53,67,73,84	12
146,53,67,73,9	9
146,53,67,75,80	11
146,53,67,75,84	9
146,53,67,75,9	9
146,53,67,8,80	11
146,53,67,80,84	9
146,53,67,80,9	11
146,53,67,80,99	9
146,67,73,75,80	10
146,67,73,8,80	9
146,67,73,80,9	10
146,67,75,80,9	9
146,67,80,84,9	9
150,153,2,37,67	9
153,2,24,53,67	10
153,2,24,67,80	9
153,2,29,67,80	9
153,2,37,53,67	9
153,2,37,67,80	15
153,2,37,67,9	9
153,2,53,67,73	12
153,2,53,67,75	9
153,2,53,67,80	17
153,2,53,67,84	9
153,2,67,71,84	9
153,2,67,73,80	17
153,2,67,73,84	9
153,2,67,75,80	11
153,2,67,8,80	9
153,2,67,80,9	10
153,2,67,80,99	9
153,24,53,67,73	9
153,24,67,73,80	9
153,37,53,67,80	10
153,37,67,73,80	12
153,53,67,73,80	12
153,53,67,80,9	9
153,67,73,8,80	10
153,67,73,80,9	9
2,24,53,67,80	9
2,31,37,67,80	10
2,37,53,67,80	13
2,37,67,73,80	9
2,37,67,80,9	10
2,37,67,80,95	10
2,37,67,80,99	9
2,53,67,7,80	9
2,53,67,71,80	9
2,53,67,73,80	10
2,53,67,73,84	9
2,53,67,80,9	10
2,67,80,84,9	9
