1,153,2,67	10
10,103,146,2	12
10,103,146,67	9
10,103,2,67	9
10,103,67,80	9
10,108,146,67	10
10,110,146,2	9
10,110,146,67	9
10,110,2,67	11
10,110,67,99	9
10,137,146,153	9
10,137,146,2	9
10,145,146,153	9
10,145,146,2	12
10,145,146,67	12
10,145,146,75	10
10,145,2,67	9
10,146,153,2	11
10,146,153,53	12
10,146,153,67	18
10,146,153,75	10
10,146,2,53	11
10,146,2,67	16
10,146,2,75	12
10,146,2,80	15
10,146,2,9	11
10,146,24,67	10
10,146,53,67	13
10,146,67,75	13
10,146,67,80	14
10,153,2,67	11
10,153,53,67	10
10,153,67,73	10
10,153,67,75	10
10,153,67,80	9
10,2,53,67	10
10,2,53,80	9
10,2,67,75	11
10,2,67,80	14
10,2,67,84	9
10,53,67,80	12
103,106,122,150	10
103,106,150,2	9
103,108,110,146	9
103,108,122,146	10
103,108,146,2	15
103,108,146,67	12
103,108,146,75	11
103,108,2,67	10
103,110,122,146	11
103,110,122,150	14
103,110,122,2	13
103,110,122,67	12
103,110,145,2	9
103,110,146,150	13
103,110,146,153	10
103,110,146,2	21
103,110,146,40	10
103,110,146,43	9
103,110,146,67	21
103,110,146,71	11
103,110,146,75	12
103,110,146,80	12
103,110,146,84	10
103,110,150,153	9
103,110,150,2	13
103,110,150,67	12
103,110,150,84	9
103,110,153,67	17
103,110,2,31	9
103,110,2,40	9
103,110,2,67	17
103,110,2,80	9
103,110,31,67	9
103,110,37,80	10
103,110,43,67	9
103,110,67,73	9
103,110,67,8	9
103,110,67,80	12
103,114,122,150	9
103,114,146,2	11
103,114,146,37	9
103,114,146,53	9
103,114,146,67	11
103,114,2,67	13
103,114,53,67	9
103,116,146,153	10
103,116,146,2	10
103,116,146,67	13
103,116,153,67	11
103,116,2,67	10
103,118,122,146	9
103,118,146,67	10
103,118,67,80	11
103,118,73,80	11
103,121,146,2	9
103,121,146,53	9
103,121,153,67	10
103,121,2,67	10
103,122,145,146	11
103,122,145,2	9
103,122,146,150	15
103,122,146,153	16
103,122,146,2	24
103,122,146,20	10
103,122,146,24	13
103,122,146,37	13
103,122,146,53	11
103,122,146,67	22
103,122,146,69	9
103,122,146,7	9
103,122,146,75	9
103,122,146,80	16
103,122,150,154	9
103,122,150,16	9
103,122,150,2	16
103,122,150,67	9
103,122,150,69	11
103,122,150,73	9
103,122,150,80	9
103,122,153,53	9
103,122,153,67	16
103,122,2,24	9
103,122,2,37	9
103,122,2,67	17
103,122,2,71	13
103,122,2,80	10
103,122,24,67	9
103,122,67,75	10
103,122,67,80	12
103,127,146,53	9
103,131,146,67	10
103,134,146,153	12
103,134,146,67	12
103,134,153,67	12
103,134,153,73	10
103,134,153,80	9
103,134,2,67	9
103,134,2,80	9
103,134,67,73	11
103,134,67,80	12
103,137,146,2	16
103,137,146,37	14
103,137,146,67	11
103,137,146,75	10
103,137,150,2	9
103,137,2,37	10
103,137,2,53	9
103,137,2,67	10
103,137,37,67	9
103,140,67,80	10
103,145,146,150	9
103,145,146,153	14
103,145,146,2	21
103,145,146,20	9
103,145,146,37	9
103,145,146,40	12
103,145,146,53	11
103,145,146,67	19
103,145,146,75	9
103,145,146,80	13
103,145,146,84	11
103,145,150,2	9
103,145,153,2	9
103,145,153,53	10
103,145,153,67	13
103,145,2,24	9
103,145,2,31	9
103,145,2,53	13
103,145,2,67	16
103,145,2,80	14
103,145,40,67	11
103,145,40,80	9
103,145,53,67	14
103,145,53,80	10
103,145,67,7	9
103,145,67,80	15
103,145,67,84	9
103,146,149,153	9
103,146,150,153	19
103,146,150,16	13
103,146,150,2	23
103,146,150,24	10
103,146,150,31	13
103,146,150,37	12
103,146,150,40	13
103,146,150,53	12
103,146,150,67	27
103,146,150,7	11
103,146,150,71	13
103,146,150,73	13
103,146,150,75	11
103,146,150,80	12
103,146,150,84	12
103,146,150,87	9
103,146,152,2	12
103,146,152,53	10
103,146,152,67	12
103,146,153,16	11
103,146,153,2	25
103,146,153,20	9
103,146,153,24	18
103,146,153,31	15
103,146,153,37	19
103,146,153,40	9
103,146,153,51	12
103,146,153,53	18
103,146,153,67	39
103,146,153,73	17
103,146,153,75	18
103,146,153,8	9
103,146,153,80	18
103,146,153,84	14
103,146,153,87	13
103,146,153,9	13
103,146,154,2	12
103,146,154,67	12
103,146,16,2	10
103,146,16,67	12
103,146,2,20	14
103,146,2,24	21
103,146,2,29	11
103,146,2,30	10
103,146,2,31	18
103,146,2,37	23
103,146,2,40	10
103,146,2,43	13
103,146,2,51	11
103,146,2,53	19
103,146,2,60	9
103,146,2,62	9
103,146,2,64	11
103,146,2,67	50
103,146,2,69	12
103,146,2,7	10
103,146,2,71	19
103,146,2,73	17
103,146,2,75	14
103,146,2,8	10
103,146,2,80	27
103,146,2,84	12
103,146,2,87	17
103,146,2,9	10
103,146,2,99	10
103,146,20,37	9
103,146,20,67	16
103,146,20,7	9
103,146,20,80	10
103,146,20,84	10
103,146,24,37	11
103,146,24,53	11
103,146,24,67	22
103,146,24,73	16
103,146,24,80	9
103,146,24,84	12
103,146,28,95	9
103,146,30,67	9
103,146,31,67	16
103,146,31,80	14
103,146,37,53	12
103,146,37,67	24
103,146,37,7	12
103,146,37,71	9
103,146,37,73	12
103,146,37,75	11
103,146,37,80	15
103,146,37,84	11
103,146,37,87	9
103,146,40,67	13
103,146,40,84	10
103,146,51,67	16
103,146,53,67	22
103,146,53,75	11
103,146,53,80	11
103,146,53,84	9
103,146,60,67	10
103,146,64,67	12
103,146,64,80	10
103,146,67,69	17
103,146,67,7	13
103,146,67,71	16
103,146,67,73	25
103,146,67,75	21
103,146,67,8	12
103,146,67,80	32
103,146,67,84	12
103,146,67,87	13
103,146,67,9	12
103,146,67,95	10
103,146,67,99	10
103,146,7,80	12
103,146,7,84	9
103,146,7,95	9
103,146,71,73	11
103,146,71,80	9
103,146,71,84	12
103,146,71,99	10
103,146,73,75	10
103,146,73,80	16
103,146,73,84	9
103,146,75,80	12
103,146,80,84	12
103,146,80,87	9
103,146,80,9	9
103,146,80,95	9
103,146,84,87	9
103,149,153,67	9
103,150,153,2	10
103,150,153,67	19
103,150,153,73	14
103,150,153,8	9
103,150,153,84	9
103,150,154,67	9
103,150,154,80	9
103,150,2,24	10
103,150,2,31	11
103,150,2,37	10
103,150,2,40	11
103,150,2,53	9
103,150,2,67	17
103,150,2,71	10
103,150,2,73	10
103,150,2,80	13
103,150,2,87	10
103,150,31,67	11
103,150,37,67	9
103,150,67,7	11
103,150,67,73	11
103,150,67,75	9
103,150,67,80	13
103,150,67,84	9
103,150,73,80	11
103,150,73,84	10
103,152,153,67	12
103,152,2,67	13
103,152,2,80	9
103,152,53,67	9
103,152,67,80	9
103,153,154,67	9
103,153,16,67	10
103,153,2,37	12
103,153,2,53	13
103,153,2,67	24
103,153,2,73	13
103,153,2,80	13
103,153,20,67	10
103,153,24,67	14
103,153,24,73	10
103,153,24,87	9
103,153,31,67	12
103,153,31,80	11
103,153,37,53	9
103,153,37,67	15
103,153,40,67	10
103,153,51,67	15
103,153,53,67	15
103,153,64,67	9
103,153,67,71	11
103,153,67,73	23
103,153,67,75	17
103,153,67,8	12
103,153,67,80	25
103,153,67,84	12
103,153,67,87	12
103,153,67,9	10
103,153,73,8	9
103,153,73,80	16
103,153,73,87	9
103,153,75,80	9
103,154,2,67	9
103,154,2,80	10
103,154,67,80	10
103,2,20,67	11
103,2,24,37	9
103,2,24,53	13
103,2,24,67	18
103,2,24,80	9
103,2,29,80	9
103,2,31,67	15
103,2,31,80	10
103,2,31,84	10
103,2,37,53	11
103,2,37,67	22
103,2,37,71	9
103,2,37,73	10
103,2,37,80	13
103,2,37,84	9
103,2,37,9	9
103,2,40,67	13
103,2,43,67	12
103,2,51,67	9
103,2,51,80	10
103,2,53,67	23
103,2,53,7	9
103,2,53,71	12
103,2,53,80	12
103,2,60,67	10
103,2,62,67	10
103,2,64,67	9
103,2,64,80	9
103,2,67,69	11
103,2,67,7	12
103,2,67,71	16
103,2,67,73	18
103,2,67,75	12
103,2,67,8	10
103,2,67,80	28
103,2,67,84	14
103,2,67,87	9
103,2,67,9	11
103,2,7,80	11
103,2,71,80	9
103,2,73,80	14
103,2,75,80	9
103,2,80,95	9
103,24,37,67	9
103,24,53,67	15
103,24,67,71	9
103,24,67,73	12
103,24,67,80	13
103,31,37,67	10
103,31,67,71	9
103,31,67,73	10
103,31,67,80	15
103,31,73,80	10
103,37,43,67	10
103,37,53,67	12
103,37,67,7	9
103,37,67,73	11
103,37,67,80	18
103,37,73,80	11
103,40,67,7	9
103,40,67,80	9
103,43,67,80	9
103,53,67,7	9
103,53,67,71	9
103,53,67,73	9
103,53,67,75	10
103,53,67,8	9
103,53,67,80	19
103,53,67,9	9
103,60,67,80	9
103,67,7,75	9
103,67,7,80	13
103,67,71,80	13
103,67,73,80	23
103,67,73,9	9
103,67,75,80	11
103,67,80,87	10
103,67,80,9	12
103,67,80,95	10
103,67,80,99	10
103,7,80,95	9
103,73,80,87	9
104,108,146,67	11
104,110,146,67	13
104,110,153,67	9
104,116,146,67	10
104,145,146,67	9
104,146,153,67	16
104,146,153,80	9
104,146,2,53	9
104,146,2,67	17
104,146,2,80	11
104,146,20,67	9
104,146,24,67	9
104,146,37,67	10
104,146,53,67	16
104,146,67,73	11
104,146,67,80	12
104,146,67,84	9
104,153,53,67	9
104,153,67,80	9
104,2,53,67	9
104,2,67,80	9
106,108,110,146	12
106,108,146,67	12
106,110,122,146	10
106,110,122,150	15
106,110,122,2	13
106,110,122,67	13
106,110,122,80	10
106,110,122,84	12
106,110,145,2	9
106,110,146,150	10
106,110,146,153	15
106,110,146,2	26
106,110,146,31	10
106,110,146,40	15
106,110,146,53	11
106,110,146,67	28
106,110,146,71	14
106,110,146,73	10
106,110,146,8	11
106,110,146,80	17
106,110,146,83	11
106,110,146,84	12
106,110,146,87	10
106,110,146,99	10
106,110,150,2	18
106,110,150,40	10
106,110,150,67	17
106,110,150,80	10
106,110,150,84	11
106,110,153,67	18
106,110,153,80	9
106,110,2,37	10
106,110,2,53	10
106,110,2,67	19
106,110,2,71	9
106,110,2,73	11
106,110,2,80	17
106,110,2,84	16
106,110,40,67	10
106,110,40,80	9
106,110,53,67	11
106,110,67,71	9
106,110,67,73	11
106,110,67,80	16
106,110,67,84	14
106,110,67,87	9
106,110,67,99	9
106,110,71,84	9
106,121,146,153	9
106,121,153,67	9
106,122,146,2	10
106,122,146,67	13
106,122,150,2	15
106,122,150,67	11
106,122,150,84	9
106,122,153,67	11
106,122,2,67	11
106,122,2,80	12
106,122,67,80	11
106,122,67,84	12
106,134,146,67	9
106,145,146,153	10
106,145,146,2	10
106,145,146,67	13
106,145,146,73	9
106,145,150,2	9
106,145,153,67	9
106,146,150,2	15
106,146,150,40	10
106,146,150,67	25
106,146,150,71	10
106,146,150,73	9
106,146,150,80	13
106,146,153,2	15
106,146,153,51	11
106,146,153,67	30
106,146,153,71	9
106,146,153,73	12
106,146,153,75	11
106,146,153,8	13
106,146,153,80	17
106,146,153,84	10
106,146,16,67	9
106,146,2,20	9
106,146,2,31	11
106,146,2,40	12
106,146,2,53	12
106,146,2,67	28
106,146,2,71	11
106,146,2,73	12
106,146,2,80	22
106,146,2,84	12
106,146,20,80	10
106,146,29,67	9
106,146,31,67	13
106,146,31,71	11
106,146,40,67	11
106,146,40,80	12
106,146,51,67	10
106,146,53,67	13
106,146,60,67	10
106,146,67,69	9
106,146,67,71	14
106,146,67,73	20
106,146,67,75	10
106,146,67,8	12
106,146,67,80	24
106,146,67,84	13
106,146,67,87	9
106,146,67,9	13
106,146,67,92	9
106,146,67,99	9
106,146,73,80	11
106,146,80,84	15
106,150,153,2	9
106,150,153,67	16
106,150,153,80	9
106,150,2,67	18
106,150,2,73	10
106,150,2,80	13
106,150,2,84	12
106,150,40,67	11
106,150,67,71	13
106,150,67,73	12
106,150,67,80	15
106,150,67,84	10
106,153,2,53	11
106,153,2,67	19
106,153,2,80	17
106,153,29,67	9
106,153,51,67	12
106,153,51,8	9
106,153,53,67	11
106,153,67,71	9
106,153,67,73	16
106,153,67,75	9
106,153,67,8	16
106,153,67,80	18
106,153,67,84	11
106,153,67,87	9
106,153,67,92	9
106,2,53,67	13
106,2,53,80	9
106,2,67,73	11
106,2,67,80	21
106,2,67,84	11
106,2,80,84	11
106,53,67,73	10
106,67,73,80	13
106,67,8,80	9
106,67,80,84	10
107,110,146,67	9
108,110,121,146	11
108,110,122,146	19
108,110,122,2	14
108,110,122,67	13
108,110,122,75	11
108,110,122,80	10
108,110,123,150	9
108,110,145,146	12
108,110,145,67	13
108,110,146,150	12
108,110,146,153	20
108,110,146,2	26
108,110,146,24	13
108,110,146,31	9
108,110,146,37	11
108,110,146,53	16
108,110,146,62	9
108,110,146,67	31
108,110,146,69	9
108,110,146,71	12
108,110,146,75	16
108,110,146,8	11
108,110,146,80	17
108,110,146,84	16
108,110,146,9	13
108,110,146,97	10
108,110,146,99	9
108,110,150,2	10
108,110,150,67	14
108,110,153,2	13
108,110,153,53	9
108,110,153,67	13
108,110,153,80	10
108,110,153,84	9
108,110,2,53	9
108,110,2,67	19
108,110,2,71	12
108,110,2,75	9
108,110,2,80	15
108,110,53,67	9
108,110,67,71	9
108,110,67,75	11
108,110,67,80	11
108,110,67,84	9
108,110,75,80	9
108,116,122,146	9
108,116,146,67	10
108,116,153,67	10
108,116,2,67	9
108,121,146,67	12
108,121,153,67	9
108,122,146,153	13
108,122,146,2	16
108,122,146,37	9
108,122,146,53	10
108,122,146,67	20
108,122,146,69	10
108,122,146,71	10
108,122,146,75	15
108,122,146,80	11
108,122,150,2	11
108,122,153,2	12
108,122,153,67	12
108,122,153,80	11
108,122,2,67	13
108,122,2,71	9
108,122,2,80	16
108,122,67,75	11
108,122,75,80	10
108,127,146,67	10
108,134,153,67	9
108,137,146,2	14
108,137,146,67	9
108,137,153,67	9
108,137,2,53	10
108,137,2,67	9
108,14,146,2	10
108,14,146,67	11
108,14,2,67	10
108,145,146,153	10
108,145,146,2	15
108,145,146,37	9
108,145,146,53	10
108,145,146,67	20
108,145,146,80	9
108,145,146,9	10
108,145,153,67	10
108,145,2,53	10
108,145,2,67	15
108,145,2,80	11
108,145,37,67	10
108,145,53,67	11
108,145,67,75	9
108,145,67,80	10
108,146,150,2	9
108,146,150,67	11
108,146,153,2	21
108,146,153,24	10
108,146,153,37	11
108,146,153,53	15
108,146,153,67	31
108,146,153,73	11
108,146,153,75	15
108,146,153,80	12
108,146,153,84	12
108,146,153,9	9
108,146,153,97	9
108,146,155,67	9
108,146,16,67	9
108,146,2,24	14
108,146,2,29	9
108,146,2,37	14
108,146,2,53	19
108,146,2,60	9
108,146,2,64	9
108,146,2,67	31
108,146,2,71	15
108,146,2,73	14
108,146,2,75	16
108,146,2,8	9
108,146,2,80	19
108,146,2,84	11
108,146,2,87	10
108,146,2,9	15
108,146,2,97	9
108,146,24,53	9
108,146,24,67	12
108,146,29,67	9
108,146,37,67	14
108,146,37,75	10
108,146,37,9	10
108,146,40,67	10
108,146,51,67	13
108,146,53,67	21
108,146,53,73	9
108,146,53,75	12
108,146,53,80	14
108,146,62,67	10
108,146,67,69	16
108,146,67,71	15
108,146,67,73	13
108,146,67,75	24
108,146,67,8	9
108,146,67,80	15
108,146,67,83	11
108,146,67,84	11
108,146,67,9	16
108,146,67,97	12
108,146,69,75	10
108,146,71,80	10
108,146,73,75	9
108,146,73,80	9
108,146,75,80	17
108,146,75,84	10
108,146,75,9	11
108,146,80,84	9
108,146,80,9	11
108,146,80,97	10
108,150,2,80	10
108,153,2,37	10
108,153,2,53	12
108,153,2,67	19
108,153,2,73	9
108,153,2,75	9
108,153,2,80	16
108,153,2,9	12
108,153,24,67	11
108,153,37,67	15
108,153,37,9	9
108,153,53,67	15
108,153,53,80	9
108,153,67,73	12
108,153,67,75	14
108,153,67,8	9
108,153,67,80	13
108,153,67,9	12
108,153,75,80	9
108,2,37,67	9
108,2,37,80	12
108,2,37,9	10
108,2,53,67	17
108,2,53,75	9
108,2,53,80	15
108,2,53,9	10
108,2,67,71	12
108,2,67,73	9
108,2,67,75	13
108,2,67,80	22
108,2,67,9	14
108,2,71,80	10
108,2,73,80	10
108,2,75,80	11
108,2,80,87	9
108,2,80,9	11
108,24,53,67	10
108,37,67,75	10
108,37,67,80	12
108,53,67,73	9
108,53,67,80	13
108,67,75,80	11
108,67,80,9	11
109,146,153,67	10
109,146,67,80	10
110,116,146,150	10
110,116,146,2	9
110,116,146,53	10
110,116,146,67	16
110,116,146,84	9
110,116,153,67	10
110,116,67,8	9
110,118,153,67	9
110,121,122,67	9
110,121,145,67	10
110,121,146,150	15
110,121,146,153	17
110,121,146,2	13
110,121,146,24	10
110,121,146,37	9
110,121,146,51	11
110,121,146,53	16
110,121,146,67	28
110,121,146,73	11
110,121,146,75	13
110,121,146,80	9
110,121,146,84	11
110,121,150,67	12
110,121,153,67	17
110,121,2,67	17
110,121,2,73	12
110,121,2,75	9
110,121,37,67	10
110,121,51,67	11
110,121,53,67	14
110,121,67,73	11
110,121,67,75	14
110,121,67,80	11
110,121,67,84	11
110,121,73,75	9
110,122,145,146	9
110,122,146,150	18
110,122,146,153	23
110,122,146,154	9
110,122,146,2	26
110,122,146,31	9
110,122,146,37	9
110,122,146,51	10
110,122,146,53	12
110,122,146,67	26
110,122,146,69	15
110,122,146,71	13
110,122,146,73	13
110,122,146,75	15
110,122,146,8	9
110,122,146,80	28
110,122,146,84	13
110,122,146,87	9
110,122,146,99	10
110,122,150,16	13
110,122,150,2	30
110,122,150,40	13
110,122,150,67	20
110,122,150,69	10
110,122,150,71	14
110,122,150,75	9
110,122,150,80	13
110,122,150,84	14
110,122,150,99	11
110,122,153,2	12
110,122,153,67	22
110,122,153,80	12
110,122,153,84	10
110,122,16,2	13
110,122,16,67	11
110,122,16,84	10
110,122,2,37	9
110,122,2,67	25
110,122,2,69	9
110,122,2,71	11
110,122,2,73	13
110,122,2,75	10
110,122,2,80	24
110,122,2,84	13
110,122,37,67	11
110,122,51,67	12
110,122,67,69	12
110,122,67,71	10
110,122,67,73	10
110,122,67,75	15
110,122,67,80	15
110,122,67,84	22
110,122,67,99	10
110,122,75,80	11
110,123,146,150	13
110,123,146,2	10
110,123,146,67	11
110,123,150,2	9
110,123,150,40	12
110,123,150,67	15
110,123,150,80	9
110,123,153,67	10
110,123,2,67	9
110,123,2,80	11
110,123,40,67	9
110,123,67,80	9
110,123,67,83	9
110,127,146,153	11
110,127,146,2	10
110,127,146,67	13
110,127,150,2	10
110,127,153,67	11
110,127,2,67	10
110,131,146,153	15
110,131,146,67	13
110,131,153,67	12
110,134,146,153	14
110,134,146,2	10
110,134,146,67	13
110,134,146,8	9
110,134,146,80	9
110,134,153,67	10
110,134,2,67	9
110,137,146,2	19
110,137,146,53	9
110,137,146,67	15
110,137,146,75	10
110,137,146,80	13
110,137,146,99	10
110,137,150,2	12
110,137,153,2	10
110,137,153,67	9
110,137,2,67	14
110,137,2,71	9
110,137,2,80	9
110,137,67,75	9
110,14,146,67	10
110,14,153,67	10
110,14,2,67	9
110,145,146,153	23
110,145,146,2	24
110,145,146,24	12
110,145,146,31	10
110,145,146,51	12
110,145,146,53	16
110,145,146,60	9
110,145,146,62	9
110,145,146,67	28
110,145,146,69	12
110,145,146,71	10
110,145,146,73	11
110,145,146,75	13
110,145,146,8	17
110,145,146,80	15
110,145,146,84	11
110,145,146,87	9
110,145,146,9	12
110,145,153,2	9
110,145,153,51	9
110,145,153,53	13
110,145,153,67	24
110,145,153,75	9
110,145,153,8	14
110,145,153,80	11
110,145,153,84	10
110,145,2,24	9
110,145,2,53	10
110,145,2,67	15
110,145,2,73	10
110,145,2,8	11
110,145,2,80	11
110,145,24,67	10
110,145,31,67	9
110,145,51,67	10
110,145,53,67	15
110,145,53,9	9
110,145,67,71	10
110,145,67,73	10
110,145,67,75	15
110,145,67,8	11
110,145,67,80	14
110,145,67,84	11
110,145,67,9	10
110,146,150,152	10
110,146,150,153	24
110,146,150,16	14
110,146,150,2	28
110,146,150,29	9
110,146,150,31	13
110,146,150,37	14
110,146,150,40	14
110,146,150,51	12
110,146,150,53	15
110,146,150,67	43
110,146,150,69	11
110,146,150,7	10
110,146,150,71	17
110,146,150,73	12
110,146,150,75	12
110,146,150,8	11
110,146,150,80	21
110,146,150,83	13
110,146,150,84	22
110,146,150,87	13
110,146,150,9	11
110,146,150,99	10
110,146,153,154	12
110,146,153,16	11
110,146,153,2	45
110,146,153,20	9
110,146,153,24	14
110,146,153,29	9
110,146,153,31	14
110,146,153,37	18
110,146,153,43	9
110,146,153,51	20
110,146,153,53	28
110,146,153,60	15
110,146,153,62	12
110,146,153,67	61
110,146,153,69	11
110,146,153,7	10
110,146,153,71	22
110,146,153,73	19
110,146,153,75	16
110,146,153,8	28
110,146,153,80	37
110,146,153,83	16
110,146,153,84	25
110,146,153,87	13
110,146,153,9	13
110,146,153,95	10
110,146,153,99	15
110,146,154,2	16
110,146,154,67	15
110,146,154,71	9
110,146,154,84	9
110,146,154,99	10
110,146,155,2	9
110,146,155,67	16
110,146,16,2	15
110,146,16,67	18
110,146,16,71	10
110,146,16,75	11
110,146,16,80	10
110,146,16,84	14
110,146,2,20	15
110,146,2,24	19
110,146,2,29	12
110,146,2,31	14
110,146,2,37	23
110,146,2,40	14
110,146,2,43	16
110,146,2,51	13
110,146,2,53	30
110,146,2,60	13
110,146,2,62	12
110,146,2,64	10
110,146,2,67	58
110,146,2,69	17
110,146,2,71	30
110,146,2,73	26
110,146,2,75	19
110,146,2,8	22
110,146,2,80	48
110,146,2,83	15
110,146,2,84	27
110,146,2,87	17
110,146,2,9	25
110,146,2,95	15
110,146,2,97	12
110,146,2,99	23
110,146,20,53	10
110,146,20,67	11
110,146,20,80	9
110,146,24,51	10
110,146,24,67	21
110,146,24,73	9
110,146,24,75	9
110,146,24,80	11
110,146,24,84	9
110,146,29,67	11
110,146,29,84	13
110,146,31,67	23
110,146,31,75	10
110,146,31,80	10
110,146,31,84	10
110,146,37,40	9
110,146,37,43	9
110,146,37,53	9
110,146,37,67	26
110,146,37,71	13
110,146,37,80	19
110,146,37,83	9
110,146,37,84	13
110,146,40,67	17
110,146,40,69	9
110,146,40,71	10
110,146,40,80	12
110,146,40,83	9
110,146,40,84	9
110,146,40,87	11
110,146,43,53	10
110,146,43,67	15
110,146,51,53	10
110,146,51,67	31
110,146,51,69	10
110,146,51,71	11
110,146,51,75	9
110,146,51,8	13
110,146,51,80	12
110,146,51,83	10
110,146,51,84	12
110,146,51,99	10
110,146,53,60	9
110,146,53,67	37
110,146,53,71	15
110,146,53,73	20
110,146,53,75	14
110,146,53,8	11
110,146,53,80	21
110,146,53,83	17
110,146,53,84	14
110,146,53,9	17
110,146,60,67	14
110,146,62,67	21
110,146,62,8	9
110,146,62,80	9
110,146,62,84	9
110,146,64,67	9
110,146,67,68	9
110,146,67,69	20
110,146,67,7	11
110,146,67,71	27
110,146,67,73	30
110,146,67,75	27
110,146,67,8	32
110,146,67,80	40
110,146,67,83	17
110,146,67,84	30
110,146,67,87	20
110,146,67,9	24
110,146,67,95	11
110,146,67,97	10
110,146,67,99	24
110,146,69,73	12
110,146,69,8	10
110,146,69,80	12
110,146,69,87	11
110,146,69,99	10
110,146,71,73	20
110,146,71,75	9
110,146,71,8	13
110,146,71,80	19
110,146,71,83	9
110,146,71,84	16
110,146,71,9	12
110,146,71,95	9
110,146,71,99	13
110,146,73,75	11
110,146,73,8	15
110,146,73,80	21
110,146,73,84	12
110,146,73,9	10
110,146,73,99	11
110,146,75,8	12
110,146,75,80	14
110,146,75,84	15
110,146,75,9	9
110,146,75,99	9
110,146,8,80	21
110,146,8,83	9
110,146,8,84	11
110,146,8,99	12
110,146,80,83	11
110,146,80,84	22
110,146,80,87	15
110,146,80,9	14
110,146,80,95	9
110,146,80,97	12
110,146,80,99	13
110,146,84,87	9
110,146,84,99	13
110,150,152,2	9
110,150,153,2	13
110,150,153,53	9
110,150,153,67	27
110,150,153,8	10
110,150,153,80	12
110,150,153,84	10
110,150,153,87	10
110,150,155,67	10
110,150,155,84	10
110,150,16,2	14
110,150,16,67	17
110,150,16,68	15
110,150,16,71	10
110,150,16,75	9
110,150,16,84	24
110,150,16,99	10
110,150,2,37	12
110,150,2,40	13
110,150,2,53	9
110,150,2,67	33
110,150,2,68	10
110,150,2,71	15
110,150,2,73	11
110,150,2,75	9
110,150,2,80	23
110,150,2,84	17
110,150,2,87	12
110,150,2,99	11
110,150,29,84	10
110,150,31,67	13
110,150,37,67	14
110,150,37,80	13
110,150,37,84	9
110,150,40,67	18
110,150,51,67	12
110,150,53,67	14
110,150,67,69	12
110,150,67,71	15
110,150,67,73	12
110,150,67,75	15
110,150,67,8	11
110,150,67,80	22
110,150,67,83	12
110,150,67,84	26
110,150,67,87	13
110,150,67,99	13
110,150,68,84	11
110,150,71,75	9
110,150,71,84	10
110,150,71,87	9
110,150,73,80	11
110,150,75,84	12
110,150,80,84	11
110,152,2,67	11
110,153,154,37	9
110,153,16,67	12
110,153,16,80	9
110,153,16,99	9
110,153,2,37	10
110,153,2,53	18
110,153,2,60	10
110,153,2,67	41
110,153,2,71	12
110,153,2,73	10
110,153,2,8	17
110,153,2,80	27
110,153,2,84	18
110,153,2,99	15
110,153,24,67	15
110,153,29,67	9
110,153,31,67	11
110,153,37,67	15
110,153,37,80	16
110,153,51,67	17
110,153,51,80	9
110,153,53,67	25
110,153,53,8	9
110,153,53,80	15
110,153,60,67	15
110,153,62,67	14
110,153,64,67	10
110,153,67,68	10
110,153,67,69	14
110,153,67,7	9
110,153,67,71	19
110,153,67,73	22
110,153,67,75	14
110,153,67,8	28
110,153,67,80	35
110,153,67,83	10
110,153,67,84	23
110,153,67,87	14
110,153,67,99	13
110,153,71,8	11
110,153,71,80	11
110,153,71,84	10
110,153,73,8	11
110,153,73,80	13
110,153,8,80	17
110,153,8,84	12
110,153,8,99	10
110,153,80,84	10
110,153,80,87	9
110,153,80,99	9
110,153,84,99	14
110,154,2,67	9
110,155,2,67	12
110,155,67,84	10
110,16,2,67	15
110,16,2,71	9
110,16,2,80	16
110,16,37,80	9
110,16,60,67	9
110,16,67,75	14
110,16,67,80	10
110,16,67,84	17
110,16,67,99	9
110,16,68,84	14
110,16,71,84	9
110,2,20,75	9
110,2,24,67	15
110,2,24,80	12
110,2,31,67	11
110,2,31,84	10
110,2,37,43	9
110,2,37,53	9
110,2,37,67	20
110,2,37,71	10
110,2,37,80	15
110,2,37,84	12
110,2,40,67	16
110,2,40,80	9
110,2,40,87	9
110,2,43,67	12
110,2,51,67	12
110,2,53,67	24
110,2,53,73	12
110,2,53,80	21
110,2,53,83	10
110,2,53,84	9
110,2,53,9	14
110,2,62,67	15
110,2,67,69	9
110,2,67,71	21
110,2,67,73	17
110,2,67,75	15
110,2,67,8	16
110,2,67,80	37
110,2,67,83	11
110,2,67,84	22
110,2,67,87	15
110,2,67,9	11
110,2,67,95	9
110,2,67,99	22
110,2,71,80	21
110,2,71,84	18
110,2,71,99	11
110,2,73,75	9
110,2,73,80	17
110,2,73,84	11
110,2,73,9	9
110,2,75,80	10
110,2,75,84	10
110,2,8,80	14
110,2,8,84	10
110,2,8,99	10
110,2,80,83	11
110,2,80,84	14
110,2,80,9	11
110,2,80,97	9
110,2,80,99	10
110,2,84,99	11
110,24,51,67	9
110,24,67,80	10
110,24,67,84	11
110,29,67,71	9
110,31,67,73	9
110,31,67,80	9
110,31,67,84	13
110,37,62,67	9
110,37,67,71	10
110,37,67,8	9
110,37,67,80	18
110,37,67,87	9
110,37,71,80	13
110,37,71,84	9
110,37,73,80	10
110,37,80,87	9
110,40,67,71	9
110,40,67,80	12
110,40,67,84	12
110,40,67,87	10
110,51,53,67	11
110,51,62,67	9
110,51,67,71	9
110,51,67,75	11
110,51,67,8	12
110,51,67,84	10
110,51,67,99	11
110,53,67,71	14
110,53,67,73	13
110,53,67,75	13
110,53,67,8	10
110,53,67,80	19
110,53,67,83	10
110,53,67,84	14
110,53,67,87	10
110,53,67,9	11
110,53,67,99	9
110,53,71,73	10
110,53,73,80	9
110,53,75,84	9
110,60,67,84	9
110,62,67,8	13
110,62,67,80	9
110,64,67,84	12
110,67,69,84	9
110,67,71,73	10
110,67,71,75	15
110,67,71,80	14
110,67,71,84	12
110,67,71,9	9
110,67,71,99	12
110,67,73,75	11
110,67,73,8	10
110,67,73,80	18
110,67,73,84	14
110,67,73,99	9
110,67,75,80	9
110,67,75,84	16
110,67,75,99	10
110,67,8,80	17
110,67,80,84	16
110,67,80,87	12
110,67,80,9	12
110,67,80,99	12
110,67,84,99	15
110,71,73,80	10
110,71,80,84	9
114,122,146,2	9
114,122,146,67	9
114,145,53,67	9
114,146,150,67	14
114,146,153,67	12
114,146,153,80	9
114,146,16,67	11
114,146,2,37	11
114,146,2,67	13
114,146,20,67	10
114,146,24,67	11
114,146,37,53	9
114,146,37,67	12
114,146,37,80	9
114,146,53,67	18
114,146,67,80	14
114,146,67,84	10
114,146,67,9	11
114,150,153,67	10
114,150,2,67	9
114,150,67,80	10
114,153,2,67	12
114,153,67,80	11
114,2,53,67	9
114,2,67,80	13
114,37,53,67	9
114,53,67,80	12
114,53,67,9	9
116,121,146,67	9
116,122,146,150	9
116,122,146,2	9
116,122,146,67	13
116,137,146,2	9
116,137,146,53	9
116,137,146,67	15
116,137,146,75	11
116,14,146,153	10
116,14,146,67	12
116,14,146,9	9
116,145,146,53	10
116,145,146,67	11
116,145,53,67	10
116,146,150,153	11
116,146,150,2	10
116,146,150,67	18
116,146,150,71	11
116,146,150,87	9
116,146,153,2	14
116,146,153,53	12
116,146,153,67	20
116,146,153,75	9
116,146,153,80	9
116,146,154,67	11
116,146,2,37	10
116,146,2,53	14
116,146,2,67	17
116,146,2,75	14
116,146,2,80	10
116,146,2,9	11
116,146,24,67	13
116,146,37,67	16
116,146,37,80	9
116,146,51,53	11
116,146,51,67	16
116,146,53,67	17
116,146,53,73	11
116,146,53,75	10
116,146,53,80	9
116,146,53,9	11
116,146,67,69	10
116,146,67,71	9
116,146,67,73	16
116,146,67,75	18
116,146,67,8	9
116,146,67,80	13
116,146,67,87	10
116,146,67,9	11
116,146,67,99	10
116,146,73,75	14
116,146,75,80	11
116,146,75,9	10
116,150,153,67	12
116,153,2,67	14
116,153,67,73	9
116,153,67,8	11
116,2,37,67	11
116,2,53,67	12
116,2,53,9	10
116,51,53,67	9
116,53,67,73	9
116,53,67,75	9
116,67,73,75	10
118,122,145,146	9
118,122,146,67	10
118,145,146,67	9
118,146,153,67	12
118,146,2,37	9
118,146,2,67	17
118,146,2,80	10
118,146,24,67	9
118,146,37,67	12
118,146,51,67	10
118,146,67,80	20
118,146,67,84	9
118,146,67,99	9
118,153,67,80	12
118,2,37,67	9
118,2,67,80	14
118,2,67,9	9
118,37,67,80	10
118,67,71,80	10
118,67,73,80	12
121,122,153,67	9
121,134,146,67	9
121,145,146,153	15
121,145,146,2	14
121,145,146,53	12
121,145,146,67	17
121,145,146,75	12
121,145,146,84	11
121,145,153,67	13
121,145,153,73	9
121,145,153,75	9
121,145,2,67	14
121,145,2,75	9
121,145,53,67	10
121,145,67,73	9
121,145,67,75	9
121,145,67,84	9
121,146,150,153	9
121,146,150,2	9
121,146,150,53	11
121,146,150,67	15
121,146,150,71	9
121,146,150,75	9
121,146,150,83	9
121,146,153,2	18
121,146,153,24	9
121,146,153,37	11
121,146,153,51	10
121,146,153,53	14
121,146,153,67	29
121,146,153,71	9
121,146,153,73	14
121,146,153,75	18
121,146,153,8	11
121,146,153,80	15
121,146,153,84	13
121,146,153,87	10
121,146,153,99	10
121,146,2,53	11
121,146,2,67	25
121,146,2,71	9
121,146,2,73	14
121,146,2,75	12
121,146,2,80	11
121,146,2,84	9
121,146,24,67	17
121,146,31,67	9
121,146,37,53	11
121,146,37,67	16
121,146,51,67	16
121,146,53,67	23
121,146,53,73	9
121,146,53,75	9
121,146,53,8	9
121,146,53,84	12
121,146,67,71	13
121,146,67,73	17
121,146,67,75	24
121,146,67,8	11
121,146,67,80	16
121,146,67,84	17
121,146,67,9	13
121,146,67,99	9
121,146,71,80	9
121,146,73,75	10
121,146,73,80	12
121,146,75,8	9
121,146,75,80	10
121,146,75,84	12
121,150,153,67	11
121,150,67,75	9
121,150,67,84	10
121,153,16,67	10
121,153,2,53	10
121,153,2,67	19
121,153,2,71	9
121,153,2,80	10
121,153,2,84	10
121,153,24,67	11
121,153,37,67	11
121,153,37,80	9
121,153,53,67	13
121,153,67,71	10
121,153,67,73	18
121,153,67,75	15
121,153,67,8	9
121,153,67,80	18
121,153,67,84	12
121,153,67,99	10
121,153,73,75	10
121,153,73,80	9
121,153,73,84	10
121,2,24,67	12
121,2,37,67	10
121,2,53,67	14
121,2,53,73	10
121,2,67,71	11
121,2,67,73	13
121,2,67,75	13
121,2,67,80	15
121,2,67,84	12
121,2,73,75	10
121,2,75,80	9
121,37,53,67	9
121,37,67,80	13
121,53,67,73	9
121,53,67,75	9
121,53,67,80	9
121,53,67,84	11
121,67,71,80	10
121,67,73,75	11
121,67,73,80	11
121,67,75,80	10
122,127,146,67	9
122,129,150,67	10
122,131,146,153	10
122,131,146,67	10
122,131,146,73	10
122,131,146,80	9
122,131,153,67	10
122,131,67,73	9
122,134,146,67	9
122,137,146,2	9
122,137,146,67	9
122,137,146,80	10
122,137,150,2	11
122,145,146,153	24
122,145,146,2	13
122,145,146,37	13
122,145,146,40	9
122,145,146,53	12
122,145,146,60	10
122,145,146,67	26
122,145,146,69	12
122,145,146,73	14
122,145,146,75	12
122,145,146,80	14
122,145,146,87	11
122,145,146,97	12
122,145,150,2	10
122,145,153,53	9
122,145,153,67	18
122,145,153,73	9
122,145,153,75	9
122,145,2,67	10
122,145,2,80	10
122,145,37,67	10
122,145,67,73	11
122,145,67,75	11
122,145,67,80	9
122,145,67,87	9
122,146,150,153	9
122,146,150,16	10
122,146,150,2	28
122,146,150,67	21
122,146,150,68	10
122,146,150,69	11
122,146,150,7	9
122,146,150,71	18
122,146,150,75	11
122,146,150,80	14
122,146,150,84	12
122,146,150,87	9
122,146,152,67	10
122,146,153,2	23
122,146,153,24	12
122,146,153,37	16
122,146,153,51	10
122,146,153,53	15
122,146,153,60	9
122,146,153,67	39
122,146,153,69	11
122,146,153,73	20
122,146,153,75	12
122,146,153,8	11
122,146,153,80	25
122,146,153,84	9
122,146,153,87	11
122,146,153,97	10
122,146,154,2	9
122,146,154,67	9
122,146,2,20	10
122,146,2,24	13
122,146,2,31	11
122,146,2,37	14
122,146,2,53	16
122,146,2,67	38
122,146,2,69	16
122,146,2,71	16
122,146,2,73	18
122,146,2,75	13
122,146,2,8	9
122,146,2,80	36
122,146,2,84	14
122,146,2,9	14
122,146,2,97	11
122,146,20,67	11
122,146,20,80	9
122,146,24,37	10
122,146,24,67	15
122,146,24,80	14
122,146,31,67	10
122,146,37,67	20
122,146,37,73	10
122,146,37,80	13
122,146,37,84	9
122,146,37,9	9
122,146,51,67	13
122,146,53,67	19
122,146,53,73	10
122,146,53,75	11
122,146,53,80	15
122,146,60,67	12
122,146,67,69	24
122,146,67,71	15
122,146,67,73	29
122,146,67,75	21
122,146,67,8	10
122,146,67,80	35
122,146,67,84	17
122,146,67,87	16
122,146,67,9	11
122,146,67,97	13
122,146,69,73	16
122,146,69,75	11
122,146,73,80	22
122,146,73,84	9
122,146,73,87	10
122,146,75,80	17
122,146,75,97	9
122,146,80,84	11
122,146,80,87	15
122,146,80,9	11
122,146,80,97	15
122,146,87,97	11
122,150,153,67	14
122,150,153,80	9
122,150,16,2	12
122,150,16,67	9
122,150,16,75	9
122,150,16,84	11
122,150,2,31	10
122,150,2,37	11
122,150,2,40	9
122,150,2,67	21
122,150,2,68	9
122,150,2,69	9
122,150,2,71	13
122,150,2,75	9
122,150,2,80	24
122,150,2,84	20
122,150,2,99	13
122,150,53,67	11
122,150,67,68	9
122,150,67,69	10
122,150,67,71	12
122,150,67,75	14
122,150,67,80	15
122,150,67,84	17
122,150,69,80	11
122,150,69,84	11
122,150,73,80	9
122,150,80,84	9
122,152,2,67	9
122,152,53,67	9
122,153,2,37	9
122,153,2,53	10
122,153,2,67	20
122,153,2,73	9
122,153,2,75	9
122,153,2,80	22
122,153,24,67	12
122,153,24,80	10
122,153,37,67	11
122,153,37,80	9
122,153,51,67	9
122,153,53,67	10
122,153,53,80	10
122,153,60,67	12
122,153,67,69	13
122,153,67,73	18
122,153,67,75	16
122,153,67,80	26
122,153,67,84	11
122,153,67,87	12
122,153,67,9	9
122,153,73,80	12
122,153,73,87	10
122,153,75,80	10
122,153,80,87	9
122,153,80,9	9
122,16,2,67	13
122,16,2,80	9
122,16,2,84	9
122,16,67,84	14
122,2,24,67	12
122,2,24,80	12
122,2,31,67	9
122,2,37,67	11
122,2,37,80	14
122,2,37,84	11
122,2,51,67	9
122,2,53,67	18
122,2,53,80	16
122,2,60,67	9
122,2,64,67	9
122,2,67,68	9
122,2,67,69	10
122,2,67,71	13
122,2,67,73	16
122,2,67,75	18
122,2,67,80	29
122,2,67,84	22
122,2,67,9	11
122,2,71,80	11
122,2,73,80	16
122,2,75,80	12
122,2,80,84	13
122,2,80,9	14
122,24,67,80	11
122,37,67,80	11
122,53,67,75	10
122,53,67,80	15
122,53,67,84	13
122,60,67,73	10
122,60,67,80	9
122,67,69,73	10
122,67,69,75	12
122,67,73,80	15
122,67,73,84	10
122,67,75,80	12
122,67,75,84	10
122,67,8,80	10
122,67,80,84	12
122,67,80,87	10
122,67,80,9	11
123,146,150,153	9
123,146,150,67	10
123,146,150,83	9
123,146,153,2	13
123,146,153,67	12
123,146,153,71	9
123,146,2,67	14
123,146,2,80	10
123,146,67,84	9
123,150,2,80	11
123,150,67,83	9
123,153,2,67	9
123,2,67,80	10
127,145,146,153	10
127,145,146,53	10
127,145,146,67	9
127,145,146,80	10
127,145,146,84	10
127,146,153,53	11
127,146,153,67	16
127,146,153,73	9
127,146,153,8	10
127,146,153,80	12
127,146,153,87	9
127,146,2,53	13
127,146,2,67	12
127,146,2,71	11
127,146,2,80	12
127,146,37,67	12
127,146,53,67	13
127,146,53,71	9
127,146,53,80	11
127,146,53,84	9
127,146,67,71	11
127,146,67,73	11
127,146,67,75	9
127,146,67,8	12
127,146,67,80	16
127,146,67,84	11
127,146,67,99	9
127,146,73,80	9
127,146,80,84	9
127,150,2,67	10
127,150,2,80	9
127,153,16,67	9
127,153,2,67	10
127,153,67,80	13
127,2,67,80	10
129,2,67,80	9
131,145,146,153	10
131,145,146,67	9
131,146,153,2	12
131,146,153,24	9
131,146,153,37	10
131,146,153,67	24
131,146,153,73	13
131,146,153,75	9
131,146,153,80	15
131,146,153,9	12
131,146,16,67	9
131,146,2,53	9
131,146,2,67	13
131,146,2,80	10
131,146,31,67	9
131,146,37,67	11
131,146,53,67	13
131,146,53,80	9
131,146,67,73	14
131,146,67,75	10
131,146,67,8	9
131,146,67,80	13
131,146,67,9	10
131,146,73,80	11
131,153,16,67	11
131,153,2,67	13
131,153,2,80	9
131,153,37,67	9
131,153,67,73	13
131,153,67,80	11
131,67,73,80	10
134,145,146,153	12
134,145,146,67	12
134,145,153,67	9
134,146,153,16	10
134,146,153,2	15
134,146,153,37	9
134,146,153,53	9
134,146,153,60	9
134,146,153,67	26
134,146,153,73	13
134,146,153,75	10
134,146,153,8	9
134,146,153,80	15
134,146,153,9	9
134,146,154,67	12
134,146,2,53	9
134,146,2,67	22
134,146,2,80	14
134,146,37,67	9
134,146,53,67	9
134,146,67,73	16
134,146,67,75	10
134,146,67,8	11
134,146,67,80	15
134,146,67,9	9
134,153,2,67	14
134,153,2,80	11
134,153,67,73	16
134,153,67,75	9
134,153,67,80	17
134,153,67,9	9
134,154,2,67	10
134,2,67,80	15
134,67,73,80	10
136,146,153,67	9
137,145,146,153	10
137,145,146,2	16
137,145,146,53	11
137,145,146,67	12
137,145,146,75	11
137,145,153,2	10
137,145,2,53	10
137,145,2,67	10
137,146,150,2	13
137,146,150,67	9
137,146,152,67	9
137,146,153,2	23
137,146,153,37	14
137,146,153,53	14
137,146,153,67	24
137,146,153,73	9
137,146,153,75	12
137,146,153,8	11
137,146,153,80	11
137,146,153,83	9
137,146,153,87	9
137,146,153,9	12
137,146,16,67	9
137,146,2,31	11
137,146,2,37	19
137,146,2,40	9
137,146,2,43	11
137,146,2,51	10
137,146,2,53	23
137,146,2,67	34
137,146,2,71	14
137,146,2,73	10
137,146,2,75	13
137,146,2,8	12
137,146,2,80	15
137,146,2,84	12
137,146,2,87	9
137,146,2,9	17
137,146,2,99	10
137,146,31,37	9
137,146,31,67	13
137,146,37,53	13
137,146,37,67	17
137,146,37,73	9
137,146,37,75	11
137,146,37,80	10
137,146,37,84	10
137,146,37,99	9
137,146,43,67	10
137,146,51,67	12
137,146,53,67	23
137,146,53,73	12
137,146,53,75	12
137,146,53,8	10
137,146,53,80	10
137,146,53,84	9
137,146,53,9	13
137,146,67,71	14
137,146,67,73	19
137,146,67,75	18
137,146,67,8	9
137,146,67,80	18
137,146,67,84	12
137,146,67,87	11
137,146,67,9	17
137,146,67,99	10
137,146,73,75	16
137,146,73,84	9
137,146,75,80	10
137,146,75,84	9
137,146,75,87	11
137,150,153,2	9
137,150,153,67	9
137,150,2,67	10
137,153,2,37	11
137,153,2,53	15
137,153,2,67	21
137,153,2,8	11
137,153,2,80	13
137,153,2,9	13
137,153,37,67	11
137,153,51,67	9
137,153,53,67	12
137,153,53,80	9
137,153,67,73	12
137,153,67,75	12
137,153,67,80	14
137,153,67,9	17
137,2,37,53	10
137,2,37,67	12
137,2,43,67	9
137,2,53,67	17
137,2,53,75	9
137,2,53,80	10
137,2,53,84	10
137,2,53,9	13
137,2,67,71	10
137,2,67,73	11
137,2,67,75	10
137,2,67,80	17
137,2,67,84	13
137,2,67,9	17
137,2,84,9	9
137,53,67,73	13
137,53,67,75	10
137,53,67,80	14
137,53,67,84	9
137,53,67,9	11
137,67,73,75	13
137,67,73,80	9
137,67,73,9	9
137,67,80,9	9
139,146,153,67	12
14,146,153,2	10
14,146,153,53	17
14,146,153,67	14
14,146,2,53	11
14,146,2,67	16
14,146,53,67	13
14,146,67,73	11
14,146,67,80	9
14,153,2,67	10
14,153,53,67	9
14,2,53,67	9
14,2,67,80	9
140,146,153,67	9
140,146,2,67	9
140,146,67,80	10
143,146,150,80	9
143,146,2,67	13
143,146,2,80	10
143,146,51,67	9
143,146,67,80	12
143,2,67,80	13
143,53,67,80	9
145,146,149,153	10
145,146,149,67	9
145,146,150,153	12
145,146,150,53	11
145,146,150,67	16
145,146,150,71	11
145,146,153,154	11
145,146,153,2	30
145,146,153,20	12
145,146,153,24	11
145,146,153,29	11
145,146,153,37	17
145,146,153,40	15
145,146,153,51	14
145,146,153,53	26
145,146,153,60	17
145,146,153,62	9
145,146,153,64	10
145,146,153,67	41
145,146,153,69	10
145,146,153,7	11
145,146,153,73	18
145,146,153,75	24
145,146,153,8	20
145,146,153,80	24
145,146,153,84	17
145,146,153,87	15
145,146,153,9	15
145,146,153,97	14
145,146,154,2	12
145,146,154,53	12
145,146,154,67	13
145,146,154,75	9
145,146,154,8	9
145,146,2,20	9
145,146,2,24	15
145,146,2,29	14
145,146,2,30	11
145,146,2,31	11
145,146,2,37	17
145,146,2,40	11
145,146,2,51	14
145,146,2,53	26
145,146,2,60	13
145,146,2,62	12
145,146,2,64	13
145,146,2,67	43
145,146,2,69	11
145,146,2,7	12
145,146,2,71	11
145,146,2,73	20
145,146,2,75	22
145,146,2,8	17
145,146,2,80	33
145,146,2,84	15
145,146,2,87	11
145,146,2,9	23
145,146,2,95	10
145,146,2,97	9
145,146,2,99	13
145,146,20,40	9
145,146,20,53	10
145,146,20,67	16
145,146,20,80	9
145,146,20,84	10
145,146,24,51	9
145,146,24,53	9
145,146,24,67	15
145,146,24,73	10
145,146,24,80	10
145,146,29,53	12
145,146,29,67	14
145,146,29,80	11
145,146,30,67	9
145,146,30,80	10
145,146,31,67	13
145,146,31,84	9
145,146,37,40	9
145,146,37,53	18
145,146,37,60	9
145,146,37,67	27
145,146,37,73	11
145,146,37,75	12
145,146,37,80	11
145,146,37,84	13
145,146,37,87	9
145,146,37,9	12
145,146,37,97	10
145,146,40,67	13
145,146,40,80	9
145,146,40,84	12
145,146,40,87	9
145,146,51,53	14
145,146,51,67	22
145,146,51,84	9
145,146,53,62	12
145,146,53,64	14
145,146,53,67	39
145,146,53,7	9
145,146,53,71	12
145,146,53,73	17
145,146,53,75	16
145,146,53,8	9
145,146,53,80	21
145,146,53,84	17
145,146,53,87	14
145,146,53,9	15
145,146,53,97	9
145,146,60,67	18
145,146,60,75	11
145,146,60,80	12
145,146,62,67	16
145,146,62,8	9
145,146,64,67	11
145,146,64,80	10
145,146,67,69	17
145,146,67,7	17
145,146,67,71	22
145,146,67,73	29
145,146,67,75	30
145,146,67,8	18
145,146,67,80	33
145,146,67,83	14
145,146,67,84	23
145,146,67,87	18
145,146,67,88	9
145,146,67,9	22
145,146,67,95	10
145,146,67,97	18
145,146,67,99	13
145,146,69,75	9
145,146,71,8	9
145,146,71,80	9
145,146,71,84	10
145,146,71,9	11
145,146,73,75	10
145,146,73,80	16
145,146,73,84	10
145,146,73,87	9
145,146,73,9	11
145,146,73,97	10
145,146,75,8	11
145,146,75,80	18
145,146,75,84	12
145,146,75,9	11
145,146,75,97	9
145,146,8,84	11
145,146,8,9	10
145,146,80,84	14
145,146,80,87	11
145,146,80,9	14
145,146,80,97	12
145,146,84,9	9
145,146,84,97	9
145,146,87,97	10
145,150,153,67	12
145,150,2,67	9
145,150,53,67	13
145,150,67,71	10
145,150,67,73	10
145,150,67,84	9
145,153,154,67	9
145,153,2,53	13
145,153,2,67	21
145,153,2,75	12
145,153,2,8	15
145,153,2,80	19
145,153,2,9	10
145,153,20,67	13
145,153,24,67	13
145,153,29,67	9
145,153,29,80	9
145,153,37,53	9
145,153,37,67	11
145,153,51,67	11
145,153,53,67	21
145,153,53,75	9
145,153,53,80	13
145,153,53,87	10
145,153,60,67	15
145,153,60,75	9
145,153,64,67	10
145,153,67,7	10
145,153,67,73	18
145,153,67,75	19
145,153,67,8	14
145,153,67,80	23
145,153,67,87	10
145,153,67,9	10
145,153,67,97	9
145,153,73,80	9
145,153,75,80	10
145,153,8,84	10
145,153,80,97	9
145,154,53,67	9
145,2,24,67	12
145,2,24,80	9
145,2,29,53	9
145,2,29,67	10
145,2,29,80	11
145,2,31,84	10
145,2,37,53	9
145,2,37,67	13
145,2,40,67	10
145,2,53,62	10
145,2,53,64	10
145,2,53,67	21
145,2,53,73	10
145,2,53,75	10
145,2,53,80	15
145,2,53,9	12
145,2,60,67	11
145,2,60,80	11
145,2,62,67	10
145,2,67,69	9
145,2,67,7	14
145,2,67,71	13
145,2,67,73	12
145,2,67,75	17
145,2,67,8	14
145,2,67,80	30
145,2,67,84	14
145,2,67,9	15
145,2,67,99	9
145,2,7,80	11
145,2,71,9	10
145,2,73,80	11
145,2,73,9	9
145,2,75,80	13
145,2,8,80	10
145,2,8,9	9
145,2,80,84	12
145,2,80,9	15
145,2,84,9	9
145,20,37,67	9
145,20,53,67	12
145,29,67,80	11
145,31,67,84	11
145,37,53,67	15
145,37,67,71	13
145,37,67,73	10
145,37,67,75	9
145,37,67,80	12
145,37,67,84	9
145,37,67,9	9
145,40,67,7	9
145,51,53,67	10
145,53,62,67	10
145,53,64,67	12
145,53,64,80	9
145,53,67,7	10
145,53,67,71	12
145,53,67,73	12
145,53,67,75	12
145,53,67,80	23
145,53,67,84	16
145,53,67,87	11
145,53,67,9	14
145,53,75,80	9
145,60,67,75	9
145,62,67,80	9
145,64,67,75	10
145,64,67,80	10
145,67,69,75	9
145,67,7,80	11
145,67,71,75	9
145,67,71,8	9
145,67,71,80	10
145,67,71,84	9
145,67,71,9	11
145,67,73,75	10
145,67,73,80	14
145,67,73,84	10
145,67,75,80	17
145,67,75,84	10
145,67,75,9	10
145,67,8,80	9
145,67,80,84	15
145,67,80,9	12
145,67,84,9	9
146,149,153,2	14
146,149,153,67	18
146,149,153,80	9
146,149,2,67	15
146,149,67,80	10
146,150,152,16	10
146,150,152,2	14
146,150,152,67	16
146,150,152,71	10
146,150,152,84	11
146,150,153,16	14
146,150,153,2	24
146,150,153,24	11
146,150,153,31	12
146,150,153,37	18
146,150,153,40	12
146,150,153,51	16
146,150,153,53	12
146,150,153,60	9
146,150,153,67	44
146,150,153,7	11
146,150,153,71	16
146,150,153,73	16
146,150,153,75	15
146,150,153,8	16
146,150,153,80	16
146,150,153,84	17
146,150,153,87	12
146,150,153,9	9
146,150,153,97	9
146,150,153,99	10
146,150,154,2	10
146,150,154,67	13
146,150,154,87	9
146,150,16,2	18
146,150,16,31	11
146,150,16,37	9
146,150,16,67	22
146,150,16,7	15
146,150,16,71	13
146,150,16,73	10
146,150,16,75	17
146,150,16,80	17
146,150,16,84	11
146,150,16,87	12
146,150,2,20	10
146,150,2,24	11
146,150,2,29	9
146,150,2,31	20
146,150,2,37	20
146,150,2,40	14
146,150,2,43	10
146,150,2,51	9
146,150,2,53	19
146,150,2,67	43
146,150,2,7	12
146,150,2,71	25
146,150,2,73	19
146,150,2,75	13
146,150,2,8	12
146,150,2,80	31
146,150,2,84	22
146,150,2,87	12
146,150,2,9	10
146,150,2,97	9
146,150,2,99	15
146,150,20,40	9
146,150,20,53	9
146,150,20,67	11
146,150,20,71	10
146,150,20,80	9
146,150,20,87	9
146,150,24,53	10
146,150,24,67	16
146,150,28,7	10
146,150,29,67	9
146,150,29,80	9
146,150,30,80	11
146,150,31,67	25
146,150,31,71	14
146,150,31,73	9
146,150,31,75	11
146,150,31,80	11
146,150,31,84	12
146,150,37,51	9
146,150,37,67	25
146,150,37,71	11
146,150,37,75	11
146,150,37,80	14
146,150,37,84	13
146,150,40,51	10
146,150,40,67	18
146,150,40,71	10
146,150,40,73	10
146,150,40,8	9
146,150,40,80	14
146,150,40,84	13
146,150,40,87	14
146,150,51,53	9
146,150,51,67	21
146,150,51,80	9
146,150,51,87	10
146,150,51,9	9
146,150,53,67	28
146,150,53,73	10
146,150,53,75	12
146,150,53,80	13
146,150,53,84	13
146,150,60,67	11
146,150,67,69	16
146,150,67,7	15
146,150,67,71	28
146,150,67,73	20
146,150,67,75	25
146,150,67,8	20
146,150,67,80	30
146,150,67,83	10
146,150,67,84	26
146,150,67,87	17
146,150,67,9	10
146,150,67,94	9
146,150,67,95	9
146,150,67,99	13
146,150,7,71	9
146,150,7,80	10
146,150,7,84	11
146,150,7,87	9
146,150,71,73	11
146,150,71,75	12
146,150,71,8	11
146,150,71,80	18
146,150,71,83	12
146,150,71,84	16
146,150,71,87	12
146,150,71,99	12
146,150,73,80	13
146,150,73,84	12
146,150,75,8	10
146,150,75,80	17
146,150,75,84	13
146,150,80,84	18
146,150,80,87	13
146,150,84,87	10
146,152,153,2	13
146,152,153,37	9
146,152,153,67	12
146,152,153,80	9
146,152,2,20	10
146,152,2,37	11
146,152,2,43	13
146,152,2,53	15
146,152,2,67	25
146,152,2,71	10
146,152,2,80	13
146,152,2,84	9
146,152,2,9	12
146,152,37,43	9
146,152,37,53	12
146,152,37,67	17
146,152,37,75	9
146,152,37,80	9
146,152,37,84	10
146,152,43,67	9
146,152,53,67	15
146,152,67,80	16
146,152,67,84	12
146,152,67,9	11
146,152,80,9	10
146,153,154,2	13
146,153,154,37	14
146,153,154,53	10
146,153,154,67	17
146,153,154,71	9
146,153,154,75	10
146,153,154,80	12
146,153,155,2	10
146,153,155,67	16
146,153,155,73	9
146,153,16,2	15
146,153,16,37	13
146,153,16,51	9
146,153,16,53	11
146,153,16,67	29
146,153,16,80	9
146,153,16,99	10
146,153,2,20	12
146,153,2,24	17
146,153,2,29	15
146,153,2,30	11
146,153,2,31	17
146,153,2,37	35
146,153,2,40	9
146,153,2,43	15
146,153,2,51	18
146,153,2,53	36
146,153,2,60	14
146,153,2,62	12
146,153,2,64	17
146,153,2,67	77
146,153,2,69	12
146,153,2,7	18
146,153,2,71	25
146,153,2,73	31
146,153,2,75	25
146,153,2,8	25
146,153,2,80	56
146,153,2,83	15
146,153,2,84	31
146,153,2,87	14
146,153,2,9	28
146,153,2,93	12
146,153,2,95	11
146,153,2,97	12
146,153,2,99	23
146,153,20,53	9
146,153,20,67	17
146,153,20,75	9
146,153,24,37	14
146,153,24,51	11
146,153,24,53	17
146,153,24,67	38
146,153,24,73	18
146,153,24,75	10
146,153,24,80	23
146,153,24,84	11
146,153,24,87	14
146,153,24,9	12
146,153,24,97	9
146,153,24,99	11
146,153,28,67	15
146,153,29,53	13
146,153,29,67	24
146,153,29,80	14
146,153,29,84	10
146,153,29,99	10
146,153,30,53	9
146,153,30,67	18
146,153,30,80	11
146,153,30,9	9
146,153,30,99	9
146,153,31,37	14
146,153,31,51	9
146,153,31,67	31
146,153,31,71	9
146,153,31,73	16
146,153,31,75	15
146,153,31,8	9
146,153,31,80	17
146,153,31,84	12
146,153,31,99	10
146,153,33,67	12
146,153,33,80	9
146,153,37,40	11
146,153,37,51	13
146,153,37,53	23
146,153,37,60	10
146,153,37,62	9
146,153,37,67	53
146,153,37,69	11
146,153,37,7	13
146,153,37,71	13
146,153,37,73	23
146,153,37,75	18
146,153,37,8	15
146,153,37,80	31
146,153,37,84	19
146,153,37,87	10
146,153,37,9	12
146,153,37,97	10
146,153,37,99	12
146,153,40,51	9
146,153,40,67	15
146,153,40,73	11
146,153,40,80	10
146,153,40,84	10
146,153,40,87	12
146,153,43,67	19
146,153,45,67	10
146,153,51,53	13
146,153,51,67	37
146,153,51,73	16
146,153,51,75	13
146,153,51,8	14
146,153,51,80	13
146,153,51,84	12
146,153,51,97	9
146,153,51,99	13
146,153,53,60	14
146,153,53,62	10
146,153,53,64	12
146,153,53,67	51
146,153,53,7	13
146,153,53,71	13
146,153,53,73	20
146,153,53,75	20
146,153,53,8	17
146,153,53,80	27
146,153,53,83	10
146,153,53,84	14
146,153,53,87	16
146,153,53,9	14
146,153,53,95	9
146,153,53,97	10
146,153,53,99	10
146,153,59,67	13
146,153,60,67	31
146,153,60,73	10
146,153,60,75	11
146,153,60,80	12
146,153,62,67	20
146,153,62,8	11
146,153,64,67	21
146,153,64,75	12
146,153,64,80	11
146,153,66,67	9
146,153,67,69	24
146,153,67,7	23
146,153,67,71	30
146,153,67,73	56
146,153,67,75	45
146,153,67,78	10
146,153,67,8	38
146,153,67,80	69
146,153,67,83	20
146,153,67,84	34
146,153,67,87	23
146,153,67,88	13
146,153,67,9	31
146,153,67,93	10
146,153,67,95	14
146,153,67,97	17
146,153,67,99	22
146,153,69,73	11
146,153,69,75	9
146,153,69,8	10
146,153,69,80	12
146,153,7,75	11
146,153,7,80	15
146,153,7,84	9
146,153,71,73	11
146,153,71,75	10
146,153,71,8	11
146,153,71,80	16
146,153,71,84	16
146,153,71,9	9
146,153,71,99	9
146,153,73,75	14
146,153,73,8	22
146,153,73,80	35
146,153,73,84	17
146,153,73,87	13
146,153,73,9	12
146,153,73,97	12
146,153,73,99	10
146,153,75,8	16
146,153,75,80	27
146,153,75,84	11
146,153,75,87	10
146,153,75,9	18
146,153,75,99	10
146,153,8,80	24
146,153,8,83	10
146,153,8,84	17
146,153,8,9	10
146,153,8,99	10
146,153,80,83	12
146,153,80,84	27
146,153,80,87	14
146,153,80,9	20
146,153,80,97	12
146,153,80,99	20
146,153,84,9	10
146,153,84,97	9
146,153,84,99	14
146,154,16,67	9
146,154,16,87	9
146,154,2,20	9
146,154,2,24	11
146,154,2,37	9
146,154,2,53	11
146,154,2,67	22
146,154,2,69	10
146,154,2,7	9
146,154,2,71	11
146,154,2,75	10
146,154,2,80	19
146,154,2,84	11
146,154,2,87	10
146,154,2,99	9
146,154,24,67	9
146,154,37,67	11
146,154,37,80	9
146,154,51,67	10
146,154,53,67	20
146,154,53,84	9
146,154,67,69	12
146,154,67,73	10
146,154,67,75	12
146,154,67,8	9
146,154,67,80	11
146,154,67,84	9
146,154,67,99	11
146,154,71,80	9
146,155,2,67	15
146,155,67,80	10
146,16,2,31	11
146,16,2,37	10
146,16,2,43	9
146,16,2,67	20
146,16,2,71	15
146,16,2,73	9
146,16,2,75	13
146,16,2,80	15
146,16,2,84	12
146,16,2,87	11
146,16,20,67	9
146,16,31,67	15
146,16,31,71	9
146,16,31,75	9
146,16,37,67	15
146,16,37,80	11
146,16,37,84	9
146,16,53,67	14
146,16,67,7	10
146,16,67,71	18
146,16,67,75	16
146,16,67,80	17
146,16,67,84	11
146,16,67,99	11
146,16,7,80	12
146,16,71,80	11
146,16,71,84	9
146,16,75,80	10
146,16,80,87	13
146,16,84,87	9
146,17,2,67	9
146,2,20,37	13
146,2,20,40	11
146,2,20,43	9
146,2,20,53	17
146,2,20,67	26
146,2,20,7	10
146,2,20,75	9
146,2,20,80	17
146,2,20,84	11
146,2,20,87	10
146,2,24,37	11
146,2,24,51	9
146,2,24,53	17
146,2,24,67	35
146,2,24,69	13
146,2,24,73	16
146,2,24,75	9
146,2,24,80	18
146,2,24,84	9
146,2,24,87	10
146,2,24,9	13
146,2,24,97	9
146,2,29,37	14
146,2,29,53	12
146,2,29,64	9
146,2,29,67	19
146,2,29,73	11
146,2,29,80	18
146,2,29,84	15
146,2,29,9	10
146,2,29,99	10
146,2,30,37	14
146,2,30,67	11
146,2,30,80	16
146,2,30,9	11
146,2,30,99	9
146,2,31,37	16
146,2,31,40	10
146,2,31,53	9
146,2,31,67	28
146,2,31,71	16
146,2,31,73	16
146,2,31,75	9
146,2,31,80	21
146,2,31,84	18
146,2,31,87	9
146,2,31,9	11
146,2,31,99	15
146,2,33,67	11
146,2,33,80	9
146,2,37,43	13
146,2,37,51	9
146,2,37,53	24
146,2,37,60	9
146,2,37,62	9
146,2,37,67	50
146,2,37,69	9
146,2,37,7	15
146,2,37,71	21
146,2,37,73	16
146,2,37,75	13
146,2,37,8	11
146,2,37,80	37
146,2,37,84	22
146,2,37,87	9
146,2,37,9	25
146,2,37,93	9
146,2,37,95	10
146,2,37,97	14
146,2,37,99	15
146,2,40,53	10
146,2,40,67	17
146,2,40,73	10
146,2,40,80	12
146,2,40,84	9
146,2,40,87	10
146,2,43,53	10
146,2,43,67	22
146,2,43,7	9
146,2,43,71	14
146,2,43,80	11
146,2,43,84	11
146,2,43,9	9
146,2,51,53	12
146,2,51,67	23
146,2,51,8	10
146,2,51,80	15
146,2,51,84	11
146,2,51,9	11
146,2,51,99	9
146,2,53,60	12
146,2,53,62	12
146,2,53,64	12
146,2,53,67	55
146,2,53,69	9
146,2,53,7	13
146,2,53,71	16
146,2,53,73	27
146,2,53,75	22
146,2,53,8	15
146,2,53,80	43
146,2,53,83	13
146,2,53,84	19
146,2,53,87	16
146,2,53,9	27
146,2,53,95	10
146,2,53,97	12
146,2,53,99	13
146,2,59,67	13
146,2,59,73	10
146,2,59,80	10
146,2,60,67	24
146,2,60,73	9
146,2,60,80	15
146,2,60,9	11
146,2,62,67	18
146,2,62,73	11
146,2,62,80	10
146,2,64,67	20
146,2,64,75	12
146,2,64,80	14
146,2,64,84	9
146,2,64,87	9
146,2,64,9	9
146,2,67,69	26
146,2,67,7	21
146,2,67,71	40
146,2,67,73	47
146,2,67,75	33
146,2,67,78	13
146,2,67,8	29
146,2,67,80	75
146,2,67,83	16
146,2,67,84	37
146,2,67,87	21
146,2,67,88	11
146,2,67,9	36
146,2,67,93	12
146,2,67,95	20
146,2,67,97	21
146,2,67,99	28
146,2,69,73	9
146,2,69,80	15
146,2,7,75	13
146,2,7,80	20
146,2,7,84	11
146,2,7,87	10
146,2,7,9	11
146,2,7,95	10
146,2,71,73	16
146,2,71,75	13
146,2,71,8	10
146,2,71,80	30
146,2,71,84	23
146,2,71,87	12
146,2,71,9	22
146,2,71,95	9
146,2,71,99	17
146,2,73,75	16
146,2,73,8	9
146,2,73,80	37
146,2,73,84	15
146,2,73,87	13
146,2,73,9	21
146,2,73,97	9
146,2,73,99	12
146,2,75,8	11
146,2,75,80	29
146,2,75,84	10
146,2,75,87	13
146,2,75,9	20
146,2,75,99	13
146,2,8,80	19
146,2,8,84	9
146,2,8,9	13
146,2,8,99	13
146,2,80,83	13
146,2,80,84	31
146,2,80,87	19
146,2,80,9	39
146,2,80,95	16
146,2,80,97	18
146,2,80,99	21
146,2,84,87	11
146,2,84,9	18
146,2,84,97	10
146,2,84,99	15
146,2,87,9	12
146,2,87,97	9
146,2,9,95	11
146,2,9,97	12
146,20,24,67	12
146,20,37,40	10
146,20,37,53	9
146,20,37,67	12
146,20,37,7	9
146,20,37,80	9
146,20,37,84	9
146,20,40,67	16
146,20,40,80	11
146,20,53,67	17
146,20,53,7	9
146,20,53,80	10
146,20,53,84	10
146,20,53,87	10
146,20,67,7	9
146,20,67,71	10
146,20,67,80	14
146,20,67,84	9
146,20,67,87	12
146,20,67,9	9
146,20,7,80	10
146,20,7,87	9
146,20,80,84	11
146,20,80,87	12
146,24,31,67	10
146,24,37,53	9
146,24,37,67	19
146,24,37,73	10
146,24,37,80	14
146,24,40,67	11
146,24,51,67	14
146,24,51,80	12
146,24,53,67	24
146,24,53,73	11
146,24,53,80	12
146,24,53,9	10
146,24,60,67	11
146,24,67,69	13
146,24,67,71	11
146,24,67,73	20
146,24,67,75	11
146,24,67,8	11
146,24,67,80	24
146,24,67,84	13
146,24,67,87	13
146,24,67,88	10
146,24,67,9	14
146,24,7,80	9
146,24,73,80	12
146,24,73,84	9
146,24,73,87	11
146,24,75,80	9
146,24,80,84	10
146,24,80,87	9
146,24,80,9	11
146,28,67,80	10
146,28,7,95	9
146,29,37,67	11
146,29,37,80	9
146,29,37,84	10
146,29,53,67	15
146,29,53,75	9
146,29,53,80	11
146,29,53,84	9
146,29,67,71	10
146,29,67,73	10
146,29,67,80	16
146,29,67,84	9
146,29,73,80	9
146,30,37,67	12
146,30,37,80	15
146,30,37,99	9
146,30,53,67	12
146,30,67,80	16
146,30,67,99	12
146,30,75,80	9
146,30,80,99	10
146,31,37,67	21
146,31,37,73	11
146,31,37,75	9
146,31,37,80	17
146,31,37,84	9
146,31,51,67	12
146,31,53,67	15
146,31,60,67	10
146,31,67,71	17
146,31,67,73	19
146,31,67,75	17
146,31,67,8	15
146,31,67,80	26
146,31,67,84	19
146,31,67,9	10
146,31,67,95	10
146,31,67,99	11
146,31,71,80	10
146,31,73,80	17
146,31,73,84	10
146,31,75,80	9
146,31,80,84	11
146,33,67,80	9
146,37,40,67	14
146,37,43,67	16
146,37,51,67	23
146,37,53,67	36
146,37,53,73	10
146,37,53,75	15
146,37,53,80	20
146,37,53,84	12
146,37,53,9	18
146,37,60,67	15
146,37,62,67	16
146,37,67,69	11
146,37,67,7	15
146,37,67,71	25
146,37,67,73	28
146,37,67,75	26
146,37,67,8	16
146,37,67,80	47
146,37,67,83	11
146,37,67,84	20
146,37,67,87	17
146,37,67,9	22
146,37,67,93	11
146,37,67,95	15
146,37,67,97	14
146,37,67,99	22
146,37,7,75	9
146,37,7,80	14
146,37,7,84	10
146,37,7,9	9
146,37,71,80	15
146,37,71,84	14
146,37,71,9	11
146,37,71,99	9
146,37,73,75	13
146,37,73,80	20
146,37,73,84	11
146,37,75,80	14
146,37,75,84	14
146,37,8,80	10
146,37,80,84	17
146,37,80,87	15
146,37,80,9	17
146,37,80,93	9
146,37,80,95	11
146,37,80,97	16
146,37,80,99	14
146,37,84,9	12
146,37,84,97	13
146,37,87,97	9
146,40,51,67	9
146,40,53,67	9
146,40,67,7	11
146,40,67,71	10
146,40,67,73	12
146,40,67,80	18
146,40,67,84	15
146,40,67,87	11
146,40,73,80	11
146,40,73,84	10
146,40,73,87	9
146,40,75,84	10
146,40,80,84	11
146,40,84,87	9
146,43,51,67	10
146,43,53,67	17
146,43,60,67	9
146,43,67,71	9
146,43,67,75	9
146,43,67,80	11
146,43,67,84	9
146,47,67,80	10
146,51,53,67	24
146,51,53,75	10
146,51,53,80	9
146,51,53,84	9
146,51,53,9	9
146,51,60,67	9
146,51,62,67	15
146,51,62,8	9
146,51,67,69	10
146,51,67,71	15
146,51,67,73	17
146,51,67,75	19
146,51,67,8	23
146,51,67,80	16
146,51,67,83	13
146,51,67,84	14
146,51,67,87	9
146,51,67,9	10
146,51,67,97	9
146,51,67,99	14
146,51,80,84	11
146,53,59,67	11
146,53,60,67	21
146,53,60,80	11
146,53,62,67	17
146,53,64,67	18
146,53,67,69	13
146,53,67,7	17
146,53,67,71	24
146,53,67,73	36
146,53,67,75	35
146,53,67,8	21
146,53,67,80	44
146,53,67,83	14
146,53,67,84	29
146,53,67,87	20
146,53,67,88	10
146,53,67,9	25
146,53,67,92	9
146,53,67,95	15
146,53,67,97	15
146,53,67,99	16
146,53,7,80	9
146,53,7,84	9
146,53,71,73	15
146,53,71,80	11
146,53,71,84	11
146,53,71,9	9
146,53,73,75	13
146,53,73,80	23
146,53,73,84	15
146,53,73,9	13
146,53,73,99	9
146,53,75,80	18
146,53,75,84	12
146,53,75,87	11
146,53,75,9	12
146,53,75,99	10
146,53,8,80	13
146,53,80,84	16
146,53,80,87	12
146,53,80,9	20
146,53,80,95	9
146,53,80,97	10
146,53,80,99	14
146,53,84,9	9
146,59,67,80	10
146,60,62,67	9
146,60,67,69	10
146,60,67,73	18
146,60,67,75	14
146,60,67,8	10
146,60,67,80	19
146,60,67,87	12
146,60,67,9	10
146,60,8,80	9
146,62,67,69	9
146,62,67,71	10
146,62,67,73	9
146,62,67,75	17
146,62,67,8	11
146,62,67,80	9
146,62,67,9	16
146,62,67,99	10
146,64,67,73	10
146,64,67,75	10
146,64,67,80	12
146,64,67,84	10
146,67,69,73	17
146,67,69,75	20
146,67,69,8	11
146,67,69,80	17
146,67,69,84	9
146,67,69,87	11
146,67,69,9	10
146,67,69,99	10
146,67,7,73	9
146,67,7,75	11
146,67,7,80	20
146,67,7,84	12
146,67,7,9	9
146,67,7,95	9
146,67,71,73	18
146,67,71,75	22
146,67,71,8	16
146,67,71,80	24
146,67,71,84	19
146,67,71,87	14
146,67,71,9	17
146,67,71,99	14
146,67,73,75	28
146,67,73,8	21
146,67,73,80	49
146,67,73,84	23
146,67,73,87	15
146,67,73,9	19
146,67,73,95	9
146,67,73,97	12
146,67,73,99	17
146,67,75,8	25
146,67,75,80	30
146,67,75,84	19
146,67,75,87	15
146,67,75,9	28
146,67,75,95	13
146,67,75,97	11
146,67,75,99	18
146,67,8,80	29
146,67,8,83	9
146,67,8,84	15
146,67,8,9	11
146,67,8,97	10
146,67,8,99	14
146,67,80,83	10
146,67,80,84	30
146,67,80,87	19
146,67,80,88	11
146,67,80,9	31
146,67,80,92	9
146,67,80,93	11
146,67,80,95	19
146,67,80,97	16
146,67,80,99	25
146,67,84,87	9
146,67,84,9	18
146,67,84,95	9
146,67,84,99	11
146,67,87,9	11
146,67,87,97	12
146,67,9,95	9
146,67,9,97	10
146,67,9,99	14
146,69,7,80	10
146,7,75,80	10
146,7,80,84	14
146,7,80,87	12
146,71,73,75	9
146,71,73,80	15
146,71,73,84	12
146,71,73,87	9
146,71,75,80	13
146,71,80,84	14
146,71,80,9	12
146,71,80,97	10
146,71,80,99	9
146,71,84,99	10
146,73,75,8	11
146,73,75,80	18
146,73,75,84	13
146,73,75,9	9
146,73,75,99	9
146,73,8,80	13
146,73,8,84	10
146,73,80,84	14
146,73,80,87	13
146,73,80,9	16
146,73,80,97	9
146,73,80,99	10
146,75,8,80	9
146,75,80,84	14
146,75,80,87	13
146,75,80,9	17
146,75,80,97	12
146,75,80,99	9
146,8,80,84	12
146,8,80,99	9
146,80,84,87	9
146,80,84,9	12
146,80,84,97	10
146,80,84,99	14
146,80,87,97	12
149,153,2,67	14
149,153,67,73	9
149,153,67,80	9
150,152,153,67	10
150,152,2,67	13
150,152,53,67	9
150,152,67,84	10
150,153,16,67	13
150,153,2,37	14
150,153,2,53	11
150,153,2,67	24
150,153,2,73	11
150,153,2,75	9
150,153,2,80	12
150,153,2,84	9
150,153,24,67	13
150,153,24,73	9
150,153,31,67	9
150,153,37,67	16
150,153,37,80	9
150,153,40,67	9
150,153,51,67	12
150,153,53,67	14
150,153,60,67	13
150,153,67,69	9
150,153,67,7	13
150,153,67,71	15
150,153,67,73	21
150,153,67,75	18
150,153,67,8	20
150,153,67,80	23
150,153,67,84	18
150,153,67,87	16
150,153,71,8	9
150,153,73,80	10
150,153,75,80	9
150,154,2,67	10
150,155,2,67	9
150,16,2,67	13
150,16,2,71	10
150,16,2,80	11
150,16,2,84	12
150,16,31,67	10
150,16,67,7	9
150,16,67,71	10
150,16,67,75	13
150,16,67,80	11
150,16,67,84	17
150,16,68,84	10
150,16,7,71	9
150,16,7,84	10
150,16,71,80	9
150,16,71,84	10
150,16,75,84	9
150,16,80,87	9
150,2,24,53	10
150,2,24,67	10
150,2,31,67	13
150,2,31,71	9
150,2,31,84	10
150,2,37,67	18
150,2,37,7	10
150,2,37,71	9
150,2,37,80	12
150,2,37,84	13
150,2,40,67	13
150,2,40,80	9
150,2,51,67	10
150,2,53,67	20
150,2,53,73	9
150,2,53,80	14
150,2,67,68	11
150,2,67,71	15
150,2,67,73	12
150,2,67,75	13
150,2,67,8	9
150,2,67,80	20
150,2,67,84	24
150,2,67,87	10
150,2,67,99	9
150,2,68,84	9
150,2,7,84	10
150,2,71,84	11
150,2,71,99	9
150,2,73,80	14
150,2,73,84	13
150,2,75,80	10
150,2,80,84	9
150,20,71,87	9
150,24,53,67	9
150,24,67,80	10
150,31,37,67	9
150,31,67,75	10
150,31,67,84	9
150,37,51,67	11
150,37,67,71	14
150,37,67,80	16
150,37,67,99	10
150,37,73,80	9
150,40,67,69	9
150,40,67,80	11
150,40,67,84	10
150,40,73,80	10
150,51,67,71	10
150,53,67,73	10
150,53,67,75	9
150,53,67,80	14
150,53,67,84	14
150,67,69,80	10
150,67,69,84	9
150,67,7,71	10
150,67,7,80	12
150,67,71,75	13
150,67,71,8	11
150,67,71,80	14
150,67,71,84	15
150,67,71,87	10
150,67,71,99	11
150,67,73,75	10
150,67,73,80	11
150,67,73,84	13
150,67,75,8	10
150,67,75,80	12
150,67,75,84	14
150,67,8,80	10
150,67,80,84	15
150,67,80,87	12
150,67,80,99	10
150,71,80,83	9
150,71,80,84	9
150,73,80,87	9
152,153,16,67	9
152,153,2,67	12
152,153,37,67	10
152,153,53,67	10
152,153,67,80	10
152,2,31,67	9
152,2,37,53	9
152,2,37,67	15
152,2,37,80	9
152,2,43,67	9
152,2,53,67	14
152,2,67,71	10
152,2,67,80	13
152,2,67,84	14
152,2,67,9	12
152,37,43,67	9
152,37,53,67	11
152,37,67,80	13
152,53,67,80	11
152,53,67,84	10
152,67,80,9	10
153,154,2,67	11
153,154,2,80	10
153,154,67,80	11
153,155,2,67	12
153,16,2,37	9
153,16,2,67	21
153,16,2,80	9
153,16,29,67	9
153,16,37,67	14
153,16,37,80	10
153,16,51,67	12
153,16,53,67	14
153,16,67,71	11
153,16,67,73	12
153,16,67,8	12
153,16,67,80	14
153,2,20,53	9
153,2,20,67	13
153,2,24,53	13
153,2,24,67	19
153,2,24,73	10
153,2,24,80	11
153,2,29,53	12
153,2,29,67	15
153,2,29,80	12
153,2,29,84	9
153,2,30,67	13
153,2,31,67	12
153,2,31,73	10
153,2,31,80	12
153,2,31,99	9
153,2,33,67	9
153,2,37,53	14
153,2,37,67	29
153,2,37,7	12
153,2,37,71	10
153,2,37,73	11
153,2,37,75	10
153,2,37,8	9
153,2,37,80	24
153,2,37,84	13
153,2,37,9	15
153,2,37,99	9
153,2,43,67	12
153,2,51,67	17
153,2,51,80	10
153,2,53,67	34
153,2,53,71	9
153,2,53,73	17
153,2,53,75	16
153,2,53,8	11
153,2,53,80	23
153,2,53,84	15
153,2,53,87	9
153,2,53,9	12
153,2,59,67	9
153,2,60,67	14
153,2,62,67	10
153,2,64,67	13
153,2,64,80	9
153,2,67,7	17
153,2,67,71	22
153,2,67,73	28
153,2,67,75	19
153,2,67,78	9
153,2,67,8	23
153,2,67,80	49
153,2,67,83	11
153,2,67,84	25
153,2,67,87	13
153,2,67,9	24
153,2,67,95	11
153,2,67,99	17
153,2,7,75	10
153,2,7,80	9
153,2,71,80	11
153,2,71,84	16
153,2,73,80	21
153,2,73,84	13
153,2,73,9	11
153,2,75,80	18
153,2,75,9	10
153,2,8,80	12
153,2,8,84	13
153,2,8,9	9
153,2,80,83	10
153,2,80,84	16
153,2,80,9	18
153,2,80,99	13
153,2,84,9	14
153,2,84,99	13
153,20,53,67	10
153,20,67,80	11
153,24,29,67	9
153,24,37,67	11
153,24,37,73	10
153,24,51,67	9
153,24,53,67	16
153,24,53,73	11
153,24,53,80	11
153,24,60,67	13
153,24,67,73	20
153,24,67,80	17
153,24,67,84	11
153,24,67,87	9
153,24,73,80	11
153,29,37,67	9
153,29,53,67	13
153,29,67,80	15
153,29,67,84	11
153,30,53,67	10
153,30,67,80	10
153,30,67,9	9
153,31,37,67	13
153,31,37,80	9
153,31,67,73	14
153,31,67,75	9
153,31,67,80	17
153,31,73,80	11
153,33,67,80	12
153,37,43,67	12
153,37,51,67	12
153,37,53,67	20
153,37,53,75	10
153,37,53,80	13
153,37,60,67	9
153,37,67,71	14
153,37,67,73	26
153,37,67,75	14
153,37,67,8	12
153,37,67,80	33
153,37,67,84	10
153,37,67,9	13
153,37,67,99	12
153,37,73,80	17
153,37,75,80	10
153,40,67,71	9
153,40,67,73	11
153,40,67,80	11
153,40,67,87	9
153,51,59,67	9
153,51,60,67	11
153,51,67,71	9
153,51,67,73	17
153,51,67,75	13
153,51,67,8	18
153,51,67,80	15
153,51,67,83	9
153,51,67,84	9
153,51,67,99	10
153,53,60,67	14
153,53,64,67	13
153,53,67,7	14
153,53,67,71	13
153,53,67,73	23
153,53,67,75	17
153,53,67,8	14
153,53,67,80	33
153,53,67,84	11
153,53,67,87	13
153,53,67,9	14
153,53,73,8	10
153,53,73,80	12
153,53,73,84	9
153,53,73,9	9
153,53,75,80	10
153,53,8,80	9
153,53,80,9	10
153,59,67,73	11
153,60,67,73	13
153,60,67,75	11
153,60,67,8	10
153,60,67,80	16
153,60,67,87	10
153,62,67,8	9
153,64,67,75	12
153,64,67,80	9
153,67,69,73	11
153,67,69,75	9
153,67,69,8	10
153,67,69,80	13
153,67,7,73	9
153,67,7,75	12
153,67,7,80	13
153,67,7,84	10
153,67,71,73	15
153,67,71,75	12
153,67,71,8	12
153,67,71,80	14
153,67,71,84	11
153,67,71,87	10
153,67,73,75	18
153,67,73,8	21
153,67,73,80	44
153,67,73,84	17
153,67,73,87	12
153,67,73,9	15
153,67,73,95	9
153,67,73,97	9
153,67,73,99	12
153,67,75,8	16
153,67,75,80	19
153,67,75,9	14
153,67,75,99	10
153,67,8,80	27
153,67,8,83	9
153,67,8,84	16
153,67,8,87	11
153,67,8,9	13
153,67,80,83	10
153,67,80,84	17
153,67,80,87	15
153,67,80,9	20
153,67,80,90	9
153,67,80,97	10
153,67,80,99	13
153,67,84,9	11
153,67,84,99	9
153,73,8,80	12
153,73,80,84	9
153,73,80,87	11
153,73,80,9	10
153,73,84,9	9
153,75,80,9	9
153,8,80,84	10
153,80,84,99	10
154,2,53,67	9
154,2,67,71	10
154,2,67,80	14
154,2,67,99	9
154,2,71,80	11
154,37,67,80	10
154,53,67,73	9
16,2,31,67	9
16,2,37,67	9
16,2,37,71	9
16,2,37,80	9
16,2,37,84	9
16,2,53,67	11
16,2,67,75	10
16,2,67,80	12
16,2,67,84	17
16,37,53,67	12
16,37,53,80	11
16,37,67,73	9
16,37,67,80	12
16,53,67,80	12
16,67,71,80	10
16,67,71,84	10
16,67,73,80	10
17,53,67,80	9
2,20,40,67	12
2,20,53,67	14
2,20,53,80	9
2,20,67,7	9
2,20,67,80	11
2,20,80,84	10
2,24,51,80	10
2,24,53,67	22
2,24,53,73	9
2,24,53,80	10
2,24,67,69	10
2,24,67,71	10
2,24,67,73	11
2,24,67,80	20
2,24,67,84	14
2,24,67,9	11
2,24,80,9	10
2,24,84,9	9
2,29,37,84	12
2,29,53,67	10
2,29,53,80	10
2,29,67,80	17
2,29,84,9	9
2,30,37,67	9
2,30,37,80	11
2,31,37,67	16
2,31,37,80	13
2,31,37,84	10
2,31,53,67	13
2,31,67,71	12
2,31,67,73	10
2,31,67,80	17
2,31,67,84	19
2,31,67,9	11
2,31,67,99	10
2,31,73,80	10
2,31,73,84	9
2,31,80,84	10
2,31,80,9	9
2,31,84,9	9
2,37,43,67	14
2,37,51,67	9
2,37,53,67	22
2,37,53,75	10
2,37,53,80	17
2,37,53,83	9
2,37,53,9	12
2,37,67,7	12
2,37,67,71	15
2,37,67,73	16
2,37,67,75	12
2,37,67,80	35
2,37,67,83	10
2,37,67,84	18
2,37,67,87	9
2,37,67,9	17
2,37,67,95	12
2,37,67,99	15
2,37,7,80	9
2,37,7,9	9
2,37,71,80	12
2,37,71,84	12
2,37,71,9	10
2,37,73,75	9
2,37,73,80	16
2,37,73,84	9
2,37,75,80	11
2,37,80,83	9
2,37,80,84	11
2,37,80,87	10
2,37,80,9	16
2,37,80,95	10
2,37,80,97	10
2,37,80,99	12
2,37,84,9	13
2,40,53,67	13
2,40,67,7	10
2,40,67,80	12
2,40,67,84	13
2,43,53,67	12
2,43,67,71	12
2,43,67,80	14
2,43,67,83	9
2,43,67,9	9
2,51,67,8	13
2,51,67,80	16
2,51,67,84	9
2,53,60,67	12
2,53,62,67	10
2,53,64,67	11
2,53,67,69	11
2,53,67,7	15
2,53,67,71	18
2,53,67,73	23
2,53,67,75	18
2,53,67,8	13
2,53,67,80	35
2,53,67,83	9
2,53,67,84	20
2,53,67,87	12
2,53,67,9	17
2,53,67,95	9
2,53,67,97	10
2,53,67,99	14
2,53,7,80	11
2,53,71,73	9
2,53,71,80	11
2,53,71,84	10
2,53,71,9	9
2,53,73,75	9
2,53,73,80	15
2,53,73,84	13
2,53,73,9	11
2,53,75,80	12
2,53,75,84	10
2,53,75,9	12
2,53,8,80	9
2,53,80,84	10
2,53,80,87	10
2,53,80,9	16
2,53,80,95	9
2,53,80,99	13
2,53,84,9	12
2,59,67,80	9
2,60,67,73	9
2,60,67,75	9
2,60,67,80	15
2,62,67,8	9
2,62,67,80	11
2,62,67,9	9
2,64,67,80	9
2,67,69,75	10
2,67,69,80	14
2,67,7,75	9
2,67,7,80	15
2,67,7,84	13
2,67,71,73	11
2,67,71,75	13
2,67,71,8	9
2,67,71,80	19
2,67,71,84	15
2,67,71,87	9
2,67,71,9	16
2,67,71,99	12
2,67,73,75	13
2,67,73,80	31
2,67,73,84	16
2,67,73,9	14
2,67,73,99	10
2,67,75,80	21
2,67,75,84	11
2,67,75,9	9
2,67,8,80	18
2,67,8,84	10
2,67,8,9	12
2,67,8,99	11
2,67,80,83	15
2,67,80,84	22
2,67,80,87	11
2,67,80,9	25
2,67,80,95	17
2,67,80,97	10
2,67,80,99	17
2,67,84,9	18
2,67,84,99	9
2,71,73,80	11
2,71,80,84	11
2,71,80,9	11
2,73,75,80	11
2,73,80,87	9
2,73,80,9	11
2,75,80,9	12
2,80,84,9	12
2,80,84,99	9
20,40,67,80	10
20,53,67,80	10
24,37,67,73	11
24,37,67,80	10
24,53,67,73	12
24,53,67,80	14
24,53,67,9	10
24,67,71,80	9
24,67,73,80	10
24,67,73,84	9
29,37,67,80	11
29,67,80,87	9
30,37,67,80	11
30,67,80,99	10
31,37,53,67	11
31,37,67,73	10
31,37,67,80	19
31,37,67,84	9
31,37,73,80	9
31,53,67,84	10
31,67,71,80	10
31,67,73,80	12
31,67,80,84	12
37,40,67,80	10
37,40,73,80	10
37,51,53,67	10
37,51,67,80	9
37,53,67,7	9
37,53,67,73	11
37,53,67,75	13
37,53,67,80	27
37,53,67,84	9
37,53,67,9	12
37,53,80,9	9
37,60,67,73	9
37,67,69,80	10
37,67,7,80	12
37,67,71,73	9
37,67,71,80	17
37,67,71,84	11
37,67,73,80	26
37,67,75,80	13
37,67,8,80	11
37,67,80,83	9
37,67,80,84	13
37,67,80,87	11
37,67,80,9	16
37,67,80,93	10
37,67,80,95	16
37,67,80,97	9
37,67,80,99	14
37,67,84,9	9
37,71,80,84	12
37,73,80,97	10
37,75,80,99	10
40,53,67,80	9
40,67,71,80	11
40,67,73,80	11
40,67,73,84	10
40,67,80,84	11
51,53,67,75	10
51,53,67,80	10
51,67,8,80	9
51,67,8,83	9
51,67,80,84	10
53,60,67,80	11
53,62,67,80	10
53,64,67,75	9
53,64,67,80	10
53,67,7,73	9
53,67,7,75	9
53,67,7,80	16
53,67,71,73	9
53,67,71,75	12
53,67,71,80	13
53,67,71,84	12
53,67,71,9	10
53,67,73,75	14
53,67,73,8	9
53,67,73,80	21
53,67,73,84	15
53,67,73,9	11
53,67,73,97	9
53,67,73,99	10
53,67,75,80	12
53,67,75,84	12
53,67,75,87	9
53,67,75,9	11
53,67,75,99	10
53,67,8,80	14
53,67,8,9	9
53,67,80,84	13
53,67,80,87	10
53,67,80,9	17
53,67,80,99	14
53,73,80,9	9
60,67,73,80	12
60,67,8,80	10
64,67,73,84	10
67,7,75,80	10
67,7,80,84	9
67,7,80,95	9
67,71,73,80	13
67,71,73,84	11
67,71,80,84	11
67,71,80,9	9
67,71,84,9	10
67,73,75,80	11
67,73,8,80	12
67,73,80,84	13
67,73,80,87	13
67,73,80,9	15
67,73,80,97	10
67,75,80,84	11
67,75,80,9	13
67,75,9,99	9
67,8,80,84	11
67,8,80,9	9
67,80,84,9	14
