1,10,12,14,33,43,55,66	1
1,10,12,18,25,27,39,52,64	1
1,10,12,26,46,47,58	1
1,10,18,31,58,61	1
1,10,46,59,61,64	1
1,10,79	1
1,12,14	1
1,12,14,18,24,43,50,55,66	1
1,12,15	1
1,12,15,18	1
1,12,15,18,31,32,33,43,51,79,93	1
1,12,15,20,26,32,47,50	1
1,12,15,25,32,52	1
1,12,15,43,47,61	1
1,12,18	2
1,12,18,20,32,35,43,51	1
1,12,18,25,51,60	1
1,12,18,30	1
1,12,18,30,34,35,43	1
1,12,18,36,40,50	1
1,12,18,36,43,61	1
1,12,18,46,53	1
1,12,20,25,30,43,59	1
1,12,20,50	1
1,12,24,27,31,61,66,93	1
1,12,24,33,59,61	1
1,12,24,36,59,64	1
1,12,24,43,66,93	1
1,12,24,66	1
1,12,25	1
1,12,25,31,43,59,93	1
1,12,25,32,33,43,64,66	1
1,12,25,35,53	1
1,12,25,36,51	1
1,12,25,43	1
1,12,26,31,50,93	1
1,12,26,40,43,64	1
1,12,27	2
1,12,27,52,57	1
1,12,30	1
1,12,30,35,36,43,53,58,61,64,75	1
1,12,31,32,36,40,59,66	1
1,12,31,33,36,43,51,79	1
1,12,31,36	1
1,12,31,71	1
1,12,32	1
1,12,32,33,35,36,43,53	1
1,12,32,36,43,47,66	1
1,12,32,61,64	1
1,12,33	1
1,12,33,40,43,46,52,58	1
1,12,34,35,39,57,60	1
1,12,34,53,64	1
1,12,34,79	1
1,12,35,66	1
1,12,43	2
1,12,43,46,61	1
1,12,43,93	1
1,12,46,50	1
1,12,50	1
1,12,51	1
1,12,52	1
1,12,52,79	1
1,12,53,66	1
1,12,55	1
1,14,18,31	1
1,14,20,32,50,52,59	1
1,14,30,46,58,66	1
1,15,20,25,66,75	1
1,15,24,61	1
1,15,24,64	1
1,15,30,35	1
1,15,66,98	1
1,15,79	1
1,18,20,27,51,52	1
1,18,25,32,35,43,55,58	1
1,18,25,33	1
1,18,25,36	1
1,18,25,55,93	1
1,18,25,66	1
1,18,26,30,43	1
1,18,26,31,35,40,53	1
1,18,27,30,35,43,93	1
1,18,31,32	1
1,18,31,39,53	1
1,18,32	1
1,18,32,40,53	1
1,18,32,53	1
1,18,40	1
1,18,40,66	1
1,18,43	1
1,18,46,50,79	1
1,18,50,51,58,60,61	1
1,18,53	1
1,18,55	1
1,18,66,79,93	1
1,20,24,35,46,53	1
1,20,31,46	1
1,24,25,39	1
1,24,40,51	1
1,24,51,59,64	1
1,24,53	1
1,25,27,47	1
1,25,27,58,98	1
1,25,30,32,35,43	1
1,25,31,33,43,47,52,58,66	1
1,25,32,50,51,59	1
1,25,32,66	1
1,25,33,93	1
1,25,35,40,52,93	1
1,25,39,98	1
1,25,52,57,61	1
1,25,57	1
1,26,32,46,50,53	1
1,26,32,50,53	1
1,26,32,50,57,59	1
1,26,32,52,66,79	1
1,26,35,50,53	1
1,26,40,52,53	1
1,27,30,39	1
1,27,32,34,35,51,52,59	1
1,27,33,43,51,60	1
1,3,10,15,24,36,75	1
1,3,10,30	1
1,3,10,30,34,46	1
1,3,12,15,18,32,51,52,66,71	1
1,3,12,18,25,30,35,39,98	1
1,3,12,20,51,57,61,79	1
1,3,12,50,59,66	1
1,3,14,15,30,66	1
1,3,14,26,34,47,61	1
1,3,14,43,47	1
1,3,15,18,32,51,66	1
1,3,15,20	1
1,3,15,25,32,33,35,36	1
1,3,15,33,43,52,53,66	1
1,3,15,36	1
1,3,18,20,32,34,36,53	1
1,3,18,27,30,36,75	1
1,3,20,58,93	1
1,3,25,30,51	1
1,3,27,34,36,40	1
1,3,31,34	1
1,3,31,40,53	1
1,3,32,34	1
1,3,43,53	1
1,3,43,66	1
1,3,5,12,75	1
1,3,5,27,32,50,51,58,64	1
1,3,5,6,18,25,32,53	1
1,3,5,6,25,34,43,58	1
1,3,5,6,7,8,10,12,15,24,43,47,66	1
1,3,5,6,8,10,12,15,18,27,30,31,33,34,43,51,57,61,66,71	1
1,3,5,6,8,12,15,26,32,35,36,61,98	1
1,3,5,6,8,18,32,33,40,60,61,93	1
1,3,5,6,8,30,58	1
1,3,5,6,8,9,10,12,27,40,43,51,52,61,79,93	1
1,3,5,6,8,9,15,26,27,32,35,43,51,52,57,58,59,79,98	1
1,3,5,6,9,25,26,40,58	1
1,3,5,64	1
1,3,5,7,9,10,12,14,26,57,93,98	1
1,3,5,8,27,34,64,66	1
1,3,5,8,40	1
1,3,5,9,10,35,53	1
1,3,6,12,18,25,33,50,53,55,59,66,93	1
1,3,6,12,34	1
1,3,6,14,30,32,51,52,57,58	1
1,3,6,15,35,36,51,52,57	1
1,3,6,33,61	1
1,3,6,40	1
1,3,6,7,18,33	1
1,3,6,8,10,12,26,40,51,58,60,61,66,79	1
1,3,6,8,10,12,27,34,43,61,66,75	1
1,3,6,8,12,25,33,34,35,40,43,58,79	1
1,3,6,8,18,26,79	1
1,3,6,8,18,27,32,33,60,71,79,93	1
1,3,6,8,26,43,59,64	1
1,3,6,8,52,53,98	1
1,3,6,9,18,25,30	1
1,3,6,9,43	1
1,3,7,12,24,35,52	1
1,3,7,8,12,15,34,36,59,61	1
1,3,8,12,20,26,32,35,43,51,71,75,79	1
1,3,8,12,20,36	1
1,3,8,12,24,43,47,57,61,79	1
1,3,8,12,43,57	1
1,3,8,18,25,39,66	1
1,3,8,18,36,40,75	1
1,3,8,18,61	1
1,3,8,25,34	1
1,3,8,9	1
1,3,8,9,10,12,43,47,52,66	1
1,3,8,9,27,36,51,66	1
1,3,8,9,51,52,64,66	1
1,3,9,12,14,15,20,32,34,40,43,79	1
1,3,9,12,30,43,53,61	1
1,3,9,12,39,43,59,71,75,79,98	1
1,3,9,31,51	1
1,30,32,35,53	1
1,30,36,71	1
1,30,43	1
1,30,43,50,57	1
1,30,43,52,60	1
1,31,33,43	1
1,32,35,46,51,58	1
1,32,35,51,59,60,61	1
1,32,36,46,47	1
1,33,43	1
1,33,51	1
1,33,53	1
1,34,40,52,59	1
1,36,64	1
1,39,43,75	1
1,40,57,60	1
1,40,61	1
1,43,50,58,61,71	1
1,43,51	1
1,43,79	1
1,46,50	1
1,47,51	1
1,5,10,12,24,27,30,31,32,33,35,43,61,64,66,75,79	1
1,5,10,18,25,35,64	1
1,5,10,20,25,35,43,59	1
1,5,10,25,30,36,71	1
1,5,12	2
1,5,12,15,33,43,55,75	1
1,5,12,18,35,40,43,52,58,93	1
1,5,12,18,53	1
1,5,12,24,55,57,58,61	1
1,5,12,25,30,32	1
1,5,12,25,36,40,93	1
1,5,12,26,27,32,40,51,57	1
1,5,12,27,43,57,59	1
1,5,12,30,43	1
1,5,12,35,58	1
1,5,12,35,79	1
1,5,12,39,93	1
1,5,12,51,53	1
1,5,12,53	1
1,5,12,53,93	1
1,5,14,24,25,27,60,61	1
1,5,18	1
1,5,18,26,32,47,50,75	1
1,5,18,31	1
1,5,18,32	1
1,5,18,36,61	1
1,5,20,25,32,35,36,46,93	1
1,5,24,35,53,58	1
1,5,25,32,35,58	1
1,5,25,43	1
1,5,25,59	1
1,5,30,32,43,50	1
1,5,32,52,53,58	1
1,5,35	1
1,5,35,47	1
1,5,35,64	1
1,5,36,66,98	1
1,5,39,43,51,52,53	1
1,5,40	1
1,5,52,58	1
1,5,6,10,52,60	1
1,5,6,12,14,35,43,59,71	1
1,5,6,12,15,27,35,39,47,51,52,53	1
1,5,6,12,15,43,46,61	1
1,5,6,12,18,32,34,36,43,58,61,79	1
1,5,6,12,39,40,47	1
1,5,6,18	1
1,5,6,18,25,30,79	1
1,5,6,18,26,32,35,57	1
1,5,6,18,39	1
1,5,6,25,31	1
1,5,6,25,32,43	1
1,5,6,33,61,66,71	1
1,5,6,40	1
1,5,6,58,93	1
1,5,6,66	1
1,5,6,7,8,12,18,36,40,43,51,61	1
1,5,6,7,8,12,33,35,66,75	1
1,5,6,7,8,9,12,20,24,31,43,61,66,71	1
1,5,6,8	1
1,5,6,8,10,12,25	1
1,5,6,8,12	1
1,5,6,8,12,15,18,27,98	1
1,5,6,8,12,15,25,43,79,98	1
1,5,6,8,12,15,27,30,33,43,51,66,93	1
1,5,6,8,12,18,25,26,32,36,51	1
1,5,6,8,12,18,33,35,40,43,60,61,71,75,98	1
1,5,6,8,12,20,25,43	1
1,5,6,8,12,25,36,43,98	1
1,5,6,8,12,27,35,43,52,59,64,75,79	1
1,5,6,8,12,30,31,35,61,93	1
1,5,6,8,12,32,35,36,43,75	1
1,5,6,8,15,18,27,40,61	1
1,5,6,8,15,25,27	1
1,5,6,8,18,20,40,58	1
1,5,6,8,25,26	1
1,5,6,8,25,27,32,53,66	1
1,5,6,8,32,61,71	1
1,5,6,8,52,53,55,58	1
1,5,6,8,61	1
1,5,6,8,9,12,14,36,93	1
1,5,6,8,9,12,18,32,35,43,52,93	1
1,5,6,8,9,12,25,27,31,34,46,57,61,66	1
1,5,6,8,9,12,31,43,52	1
1,5,6,8,9,12,35,52,71	1
1,5,6,8,9,18,40,57	1
1,5,6,8,9,26,32,34,46,52,53,55,66	1
1,5,6,9,10,12,35,57	1
1,5,6,9,12,18,33,36,55,58	1
1,5,6,9,14,25,40,51	1
1,5,6,9,32	1
1,5,6,9,35,43,64,66	1
1,5,7	1
1,5,7,12,20,32,35,43,51,58,60,75	1
1,5,7,18,55	1
1,5,7,32,35,50	1
1,5,7,8	1
1,5,7,9,12,36,52,53,60,61	1
1,5,7,9,26,40	1
1,5,7,9,46,50,53	1
1,5,75	1
1,5,8,10,12,18,30,43,61	1
1,5,8,10,12,25,27,35,43,52,66,75	1
1,5,8,12,14,15,34,46,53,58,61,66	1
1,5,8,12,14,18,26,30,32,36,39,40,43,58,66,71	1
1,5,8,12,15,25,43,57,58,60	1
1,5,8,12,15,51,61,66	1
1,5,8,12,18,27	1
1,5,8,12,18,33,40,61	1
1,5,8,12,25,35,43,58,79	1
1,5,8,12,25,35,60	1
1,5,8,12,25,61	1
1,5,8,12,26,30,36,43,51,75	1
1,5,8,12,26,35,40,43,52,53,60	1
1,5,8,12,27,30,43,55,61,93	1
1,5,8,12,31	1
1,5,8,12,33,43	1
1,5,8,12,43	2
1,5,8,12,43,61,79	1
1,5,8,14,18,25,36	1
1,5,8,15,27,61,79	1
1,5,8,15,31,61	1
1,5,8,18	1
1,5,8,18,25,52	1
1,5,8,18,30,39,52,79	1
1,5,8,18,33,43	1
1,5,8,18,52	1
1,5,8,20,24,30,35,43,51,52,60	1
1,5,8,24,31	1
1,5,8,25,36,51	1
1,5,8,25,39,53,57,75	1
1,5,8,25,40,46,66	1
1,5,8,26,30,32,33,51,52,59,66	1
1,5,8,32,39,53	1
1,5,8,34,40,51,60,61,71,98	1
1,5,8,40,52	1
1,5,8,58,59,66,79	1
1,5,8,66,93	1
1,5,8,9,10,31,34,35,51,57,66	1
1,5,8,9,12,14,15,25,26,40,46,51,57,58	1
1,5,8,9,12,18,20,26,30,32,34,36,43,58,60,64,98	1
1,5,8,9,12,18,30,33,43	1
1,5,8,9,12,25,27,35,43,58,61,64,79	1
1,5,8,9,12,31,33,39,43,59,79,98	1
1,5,8,9,12,43,52,71	1
1,5,8,9,15,25,43,57,58,60,79	1
1,5,8,9,24,33	1
1,5,8,9,39	1
1,5,9	2
1,5,9,10,18,26,30,64	1
1,5,9,12	2
1,5,9,12,14,43,60	1
1,5,9,12,15,26,40,51,55	1
1,5,9,12,18,35	1
1,5,9,12,18,40,43	1
1,5,9,12,26,43,53	1
1,5,9,12,27,35,39,52,57	1
1,5,9,12,43	1
1,5,9,12,53	1
1,5,9,12,93	1
1,5,9,14	1
1,5,9,18,32,50	1
1,5,9,18,43	1
1,5,9,20,25,32,51	1
1,5,9,24,53,71	1
1,5,9,25,32,60	1
1,5,9,32,35,57,58	1
1,5,9,51	1
1,5,9,53	1
1,5,9,59	1
1,53,58	1
1,6,10,12,14,25	1
1,6,10,15,18,25,32,36	1
1,6,10,18,39,58,71	1
1,6,10,39	1
1,6,10,53	1
1,6,12	1
1,6,12,14,18,25,52,93	1
1,6,12,14,24,26,35,51,55,64	1
1,6,12,15,18,33,57,61	1
1,6,12,15,18,33,66	1
1,6,12,18,25,31,43,51	1
1,6,12,18,26,32,36	1
1,6,12,18,31,39,52,61	1
1,6,12,24,25,51,61,64	1
1,6,12,30	1
1,6,12,32,40,51	1
1,6,12,33,93	1
1,6,12,59	2
1,6,12,59,64	1
1,6,14	1
1,6,15,24,35,46,53,55,59,61,79	1
1,6,15,30,35,43,47,61,75	1
1,6,15,32,39,60,79,98	1
1,6,18,20,53,93,98	1
1,6,18,24,43,52,98	1
1,6,18,25,26,27,33,47,53,66	1
1,6,18,25,27,75,98	1
1,6,18,26,30,51,60,71	1
1,6,18,30,39,60,98	1
1,6,18,32,51,66	1
1,6,18,36,46,51,60,61,66	1
1,6,18,36,51,52	1
1,6,18,40	1
1,6,18,66	1
1,6,18,93	1
1,6,20,27,43,51,61,93	1
1,6,25	1
1,6,25,26,32,35,53,60	1
1,6,25,26,52,58	1
1,6,27,32,60	1
1,6,27,33,43,51,59,60,61,79	1
1,6,27,36	1
1,6,30,36,43,52,58,61	1
1,6,31,32,59,61,79	1
1,6,32	1
1,6,32,33,43,60	1
1,6,32,35,36,51,58	1
1,6,32,36,40,51,58	1
1,6,32,40,47,53	1
1,6,32,61	1
1,6,33,59,60	1
1,6,35,43	1
1,6,35,58	1
1,6,36	2
1,6,39,60	1
1,6,43,52,64	1
1,6,47,64,79	1
1,6,51	1
1,6,52	1
1,6,53,61	1
1,6,57	1
1,6,7,12,25,51,53,61	1
1,6,7,15,25,26	1
1,6,7,30,40	1
1,6,7,32,50,51	1
1,6,7,40	1
1,6,7,8,10,12,14,27,36,40,58,61,75	1
1,6,79	1
1,6,8,10,12,30,43,53,57,59,60,75	1
1,6,8,10,15,51,52,55,59,61,71,98	1
1,6,8,12,14,27,35	1
1,6,8,12,18	1
1,6,8,12,18,27,40,43,55	1
1,6,8,12,20,25	1
1,6,8,12,20,26,33,61,71	1
1,6,8,12,20,35,46,64,79	1
1,6,8,12,24,25,36	1
1,6,8,12,24,31,32,43,46,51,52,61,79	1
1,6,8,12,24,33,58,79	1
1,6,8,12,25,30,52,57,61,93	1
1,6,8,12,27,55	1
1,6,8,12,30,32,34,35,40,43,66	1
1,6,8,12,31	1
1,6,8,14,18,43,61	1
1,6,8,14,20,52	1
1,6,8,15	1
1,6,8,15,18,31,79	1
1,6,8,15,18,33,35,39,55,66,79	1
1,6,8,15,18,36,58,79	1
1,6,8,15,27	1
1,6,8,15,33,55,61	1
1,6,8,15,53,55,57	1
1,6,8,18,25	1
1,6,8,18,25,30	1
1,6,8,18,25,32,51,58	1
1,6,8,18,27,34,57,58,61,64	1
1,6,8,18,27,50,93	1
1,6,8,18,43,51,55	1
1,6,8,18,61	1
1,6,8,20,27,59	1
1,6,8,24,32,34,53,58	1
1,6,8,24,51,55	1
1,6,8,25,26,43,58	1
1,6,8,25,39,43	1
1,6,8,30,40,60	1
1,6,8,31,33,43,52,59	1
1,6,8,31,35,40,98	1
1,6,8,31,47,60,66	1
1,6,8,32,33,36	1
1,6,8,32,36,40,52,53,64	1
1,6,8,39	1
1,6,8,43,47,64	1
1,6,8,47,51	1
1,6,8,50,66,98	1
1,6,8,57	1
1,6,8,61	1
1,6,8,66	1
1,6,8,9,10,12,15,27,32,35,43,46,59,61,79	1
1,6,8,9,12,15	1
1,6,8,9,12,24,32,33,43,51,53,61,66	1
1,6,8,9,12,31,50,98	1
1,6,8,9,12,32,35,40,43,51,57,61,79	1
1,6,8,9,15,18,20,36,52,55	1
1,6,9,10,24,30,53,57	1
1,6,9,12,27,43,51,53	1
1,6,9,12,34,39,64,66,75	1
1,6,9,14,18,33,36,40,47,51,66,79	1
1,6,9,20,26,27,35,40,46,53,57,58,61,66	1
1,6,9,25,32,34,51,98	1
1,6,9,31,35,51,52,66,75,93	1
1,6,9,35,59	1
1,7,10,12,14,26,47,57,61,79,93	1
1,7,10,12,26,27,35,43,51,59,75	1
1,7,10,12,36,51	1
1,7,12,15,33,43	1
1,7,12,20,25,32,60,75,93	1
1,7,12,26,43,53	1
1,7,12,26,50,53	1
1,7,12,33,55	1
1,7,15,55,79	1
1,7,18,32,40	1
1,7,25,32,35,39,47,51,57,60,66,71	1
1,7,26,55,59,60,61,93	1
1,7,30,34,52,60	1
1,7,30,51	1
1,7,31	1
1,7,31,47,51,57,75,79	1
1,7,40,66,75	1
1,7,46,58	1
1,7,50,53	1
1,7,8,12,15,20,25,47,51,52,60,61	1
1,7,8,12,15,32,34,61	1
1,7,8,12,18,20,24,31,35	1
1,7,8,12,18,30,32,46,52,53,66	1
1,7,8,14,15,30,33,43,47,51,66	1
1,7,8,15,26,30,33,43,46,51,55,57,58,61	1
1,7,8,15,36,40,53	1
1,7,8,18,20,25,26,32,40,47,50,98	1
1,7,8,18,20,30,31	1
1,7,8,18,30,40,43	1
1,7,8,32,33,35,50,53	1
1,7,8,43	1
1,7,8,53,64,71	1
1,7,8,9,18,20,43,59,75	1
1,7,8,9,36,43,53	1
1,7,9,20	1
1,7,9,27	1
1,7,9,31,36,52	1
1,7,9,43	1
1,7,9,53,60	1
1,8,10,12,14,20,25,34,58,66,93	1
1,8,10,12,18,31,33,34,39,59,61,66	1
1,8,10,12,18,34,40,51,61,66,98	1
1,8,10,12,25,60,61,64	1
1,8,10,12,36,51,93,98	1
1,8,10,18,30,33,50,53,58,66	1
1,8,10,18,35,40,51,79	1
1,8,10,31,40,55,66	1
1,8,10,98	1
1,8,12	2
1,8,12,15	1
1,8,12,15,18,20,25,33,43,59,66	1
1,8,12,15,18,27,32,36,40,51,61	1
1,8,12,15,18,35,52,79	1
1,8,12,15,18,55	1
1,8,12,15,20,25,40,75	1
1,8,12,15,20,25,55,57,66	1
1,8,12,15,27,36,43,57,75	1
1,8,12,15,32,36,43,59	1
1,8,12,15,75	1
1,8,12,18,20,31,36,43,93	1
1,8,12,18,25,31,51,59,75	1
1,8,12,18,25,43,51,52	1
1,8,12,18,26,34,51,55,59,66	1
1,8,12,18,30,39,51,61	1
1,8,12,18,30,43,47,59,75	1
1,8,12,18,31,32,34,93	1
1,8,12,18,47	1
1,8,12,24,32,34,43,52,53,55,71,93	1
1,8,12,30,31,43,52,55,59,66	1
1,8,12,30,32,51,52,64,93	1
1,8,12,30,33,40,55,58,59	1
1,8,12,30,43,59	1
1,8,12,32	1
1,8,12,32,66	1
1,8,12,33	1
1,8,12,33,34,93	1
1,8,12,35,50,59,61,66	1
1,8,12,36,60	1
1,8,12,43	1
1,8,14,18,20,40,58,61	1
1,8,14,59	1
1,8,15,20,25,43,61,75	1
1,8,15,53,64	1
1,8,18	1
1,8,18,20,24,25,26,27,31,32,35,40	1
1,8,18,20,25,31,34,59,61,75	1
1,8,18,30,31,43,53,60,61,79	1
1,8,18,30,35,40,66	1
1,8,18,40,47,57,61,71	1
1,8,18,40,61	1
1,8,20,25	1
1,8,20,25,32,35	1
1,8,20,25,32,40,50,51	1
1,8,20,31,33,34,43,51,58	1
1,8,24,51,98	1
1,8,25,30,36,43	1
1,8,25,35,51,79	1
1,8,25,43,59	1
1,8,26,35	1
1,8,26,40,53,57,58	1
1,8,27	1
1,8,27,39,40	1
1,8,27,43	1
1,8,30	1
1,8,30,43,66	1
1,8,30,55	1
1,8,31,36,66,75	1
1,8,32,35,39,60,61,79	1
1,8,32,40	1
1,8,32,40,43,57	1
1,8,32,43,60	1
1,8,32,51,55,57	1
1,8,34,40,66,75	1
1,8,35,39,43,58,79	1
1,8,36,61,66	1
1,8,39,61	1
1,8,40	1
1,8,43,47,51	1
1,8,43,52,93	1
1,8,43,59	1
1,8,47	1
1,8,50	1
1,8,50,51	1
1,8,51	1
1,8,53	1
1,8,53,66	1
1,8,66	2
1,8,75	1
1,8,9,10,12,15,35,58,66	1
1,8,9,10,12,39,52,53,61,66,93	1
1,8,9,10,14,58	1
1,8,9,10,26,34,35,40,51,66	1
1,8,9,10,35,66	1
1,8,9,12,14,15,25,26,43,57,58,79,93	1
1,8,9,12,15,20,25,43,93	1
1,8,9,12,15,25,30,36,43,47,53,59,93	1
1,8,9,12,20,30,31,35,40,51,60,75,79	1
1,8,9,12,25,79	1
1,8,9,12,27,66	1
1,8,9,12,59	1
1,8,9,15,25,26,43,61	1
1,8,9,20,25,27,53,61	1
1,8,9,25	1
1,8,9,30,32,35,43,53	1
1,8,9,39,51	1
1,8,9,43,75	1
1,8,9,46,98	1
1,9,12	2
1,9,12,15,33,58,71	1
1,9,12,18	1
1,9,12,25,52,58	1
1,9,12,26,35,39,43,53,59,64,98	1
1,9,12,30,40,43,50	1
1,9,12,31,36,46,59,61	1
1,9,12,40,47,79	1
1,9,12,46	1
1,9,14,15,20,58	1
1,9,14,24,31,32,39,40,46,52,53,58,64,66,79	1
1,9,14,24,36,40,47,60	1
1,9,15,18,20,32,75	1
1,9,15,52,79	1
1,9,18,53,60,75	1
1,9,24,40,47,52	1
1,9,25	1
1,9,25,32	1
1,9,25,36	1
1,9,25,43	1
1,9,26,47,53,57,59	1
1,9,30	1
1,9,30,50,53	1
1,9,31,39,52,53	1
1,9,32,35,47	1
1,9,51,52,53	1
1,9,60	1
10,12,14,15,18,40,66	1
10,12,14,31,58	1
10,12,18	1
10,12,18,20,25,32,43,51,79,93	1
10,12,18,25,31,33,43,53,59,64,71	1
10,12,18,30,52,58,59	1
10,12,18,39	1
10,12,18,51,53,60,66,93	1
10,12,26	1
10,12,26,43	1
10,12,27,40,43	1
10,12,30,31,46,53,66	1
10,12,32,34,93	1
10,12,32,50,51	1
10,12,32,51,66	1
10,12,39,98	1
10,12,40,51,53	1
10,15,27,50,53,64	1
10,15,32,35,53,58,79	1
10,15,59	1
10,18,26,32	1
10,18,27,32,40	1
10,18,32	2
10,18,32,51,66	1
10,18,35	1
10,18,36,39	1
10,18,36,58	1
10,18,52	1
10,18,53	1
10,18,55,61	1
10,20,24,25,32,35,43	1
10,24,25,32,35,59,61	1
10,24,31	1
10,24,35	1
10,25,39	1
10,25,50	1
10,25,50,53,61	1
10,25,53	1
10,26,32,52	1
10,26,40,64,66	1
10,27,30,32	1
10,27,52,64,71	1
10,27,53	1
10,30,32,59	1
10,31,52,53,93	1
10,32,33,55,79	1
10,32,43,93	1
10,32,47	1
10,34,40,52,55,93	1
10,34,43,53,59	1
10,39,43	1
10,43,47,61	1
10,43,71,93	1
10,46,47,51,58,98	1
10,46,47,53	1
10,47,50,57,75	1
10,47,64	1
10,50,51	1
10,51,53,98	1
10,51,60,98	1
10,52,55	1
12,14,15,18,25,27,43,61	1
12,14,18,27,61,71	1
12,14,18,31,40,51,66,71	1
12,14,18,32,46,51	1
12,14,20,43,51,71,98	1
12,14,25,33,61,79	1
12,14,26,53	1
12,14,30,40	1
12,14,31,32,51,53,66	1
12,14,33,35,61,79,98	1
12,14,35,40,51	1
12,14,35,53	1
12,14,35,79	1
12,14,43,51,52	1
12,15,18	2
12,15,18,25,43	1
12,15,18,31,59	1
12,15,18,35,43,57,60,66	1
12,15,18,40,75	1
12,15,18,43,51,66	1
12,15,20,32,36,57	1
12,15,25	1
12,15,25,30,58	1
12,15,25,32,43,66	1
12,15,26,35,46	1
12,15,26,43	1
12,15,27,35,46,51,61	1
12,15,27,52,57,79	1
12,15,30,33,51,52,61,64,75	1
12,15,31,43,50,66,93	1
12,15,32,34,61,71	1
12,15,32,40,51	1
12,15,32,53	1
12,15,32,55,61	1
12,15,36	1
12,15,40,58	1
12,15,43	1
12,15,51,61,75	1
12,15,61	1
12,18,20	2
12,18,20,24,43,51,79	1
12,18,20,25	1
12,18,20,25,30,32,50,52,55	1
12,18,20,25,31,51	1
12,18,20,26,32,51,71	1
12,18,20,27,55	1
12,18,20,30	1
12,18,20,30,43,61	1
12,18,20,31,43,51,75	1
12,18,20,40	1
12,18,20,51,75	1
12,18,24,26,31,32	1
12,18,24,53,55,66,71,79,93	1
12,18,25	1
12,18,25,26,32,36,40,43,58,59	1
12,18,25,26,32,47	1
12,18,25,27,32,36,40,51,53,66,98	1
12,18,25,31,40,43,66	1
12,18,25,32,40	1
12,18,25,34,40,59,60,61,66	1
12,18,25,35,39,75	1
12,18,25,35,50,53	1
12,18,25,36,51,57,59	1
12,18,25,36,98	1
12,18,25,55,57,58	1
12,18,26,32	1
12,18,26,32,61,71	1
12,18,26,40,61	1
12,18,26,47,51,71	1
12,18,26,53,93	1
12,18,26,59	1
12,18,27,31,32,40,51,53,64,93	1
12,18,27,40,47	1
12,18,30,31	1
12,18,30,34,36,55,57	1
12,18,30,34,43	1
12,18,30,34,43,79	1
12,18,30,40	1
12,18,30,40,43,53,66,93,98	1
12,18,30,43,51,55,58,59,64	1
12,18,30,59,79	1
12,18,30,93	1
12,18,31,36,51,53,59,93	1
12,18,31,51	1
12,18,31,57,58,61,66	1
12,18,32	3
12,18,32,33,40,59,66	1
12,18,32,36	1
12,18,32,43,51	1
12,18,32,51	2
12,18,32,52	1
12,18,32,53,57,66,79	1
12,18,32,53,59,61	1
12,18,33,40,55,79	1
12,18,33,43,50	1
12,18,33,53	1
12,18,33,53,55	1
12,18,34,40,52,59,61	1
12,18,35	2
12,18,35,43,59,66	1
12,18,35,51	1
12,18,36,43,55	1
12,18,36,43,79	1
12,18,36,47,57,61	1
12,18,36,79	1
12,18,39	1
12,18,39,43	1
12,18,40,66	1
12,18,40,98	1
12,18,43	1
12,18,43,46,47	1
12,18,43,50	1
12,18,43,50,51	1
12,18,43,55,64	1
12,18,50,51,53	1
12,18,51	1
12,18,51,53	1
12,18,51,53,55	1
12,18,51,53,59	1
12,18,51,79	1
12,18,52	1
12,18,53,58,61,66	1
12,18,55	1
12,18,55,57	1
12,18,59	2
12,18,61	1
12,18,79	1
12,20,24,32	1
12,20,25	1
12,20,25,32,34,43,47,66	1
12,20,25,36,43,55	1
12,20,25,39	1
12,20,25,47	1
12,20,26,33,36,50	1
12,20,27,32	1
12,20,27,34,58,61	1
12,20,27,43	1
12,20,30,31,36,58	1
12,20,30,32,43,57	1
12,20,30,53	1
12,20,31	1
12,20,32	2
12,20,32,53	1
12,20,36,50	1
12,20,36,93	1
12,20,43	1
12,20,50	1
12,20,51	1
12,20,59,93	1
12,20,79	1
12,24,26,30,32,36,43	1
12,24,30,31,32,40,79	1
12,24,30,32,40,43,51,53	1
12,24,30,53,60	1
12,24,31,43,50,93	1
12,24,31,47,51,53	1
12,24,32	1
12,24,32,33,40,59	1
12,24,32,53	1
12,24,33,71	1
12,24,36	3
12,24,40,53	1
12,24,43	3
12,24,51,71	1
12,24,59,98	1
12,24,64	2
12,25,26	1
12,25,30,32,43	1
12,25,30,33,59	1
12,25,31,32,51,61,64,71	1
12,25,31,51,52	1
12,25,32	1
12,25,32,36,57,60,61	1
12,25,32,40,58,93	1
12,25,33	1
12,25,35,43	1
12,25,36,50	1
12,25,39	1
12,25,39,52	1
12,25,40,50,52	1
12,25,46,47,59	1
12,25,47,53	1
12,25,50,51,52,53	1
12,25,51,53,71	1
12,25,53	1
12,25,53,93	1
12,25,61	1
12,26,27,52,60	1
12,26,30,31,53	1
12,26,30,36,53	1
12,26,30,61	1
12,26,32,43	1
12,26,35,51,52	1
12,26,36	1
12,26,36,43,51,58,75,98	1
12,26,40	1
12,26,40,43,61,64,66	1
12,27,30,32,43,47,51	1
12,27,30,53,59,61	1
12,27,34,46,52,59,61,75	1
12,27,40,46,57,58,60,98	1
12,27,40,46,58	1
12,27,40,57	1
12,27,40,61	1
12,27,43,61,93	1
12,27,53,98	1
12,27,59	1
12,30,32,59	1
12,30,33	1
12,30,35,36,40,50,61,66,93	1
12,30,36	1
12,30,36,43,53,59,66	1
12,30,36,61	1
12,30,36,61,75	1
12,30,36,71	1
12,30,39	1
12,30,40	1
12,30,40,66	1
12,30,43,51,53,59	1
12,30,43,61	1
12,30,43,66,79	1
12,30,47	1
12,30,47,59,61	1
12,30,51	1
12,30,55,98	1
12,31,32,58	1
12,31,33,55,64,75	1
12,31,40,55	1
12,31,43	1
12,31,47,79	1
12,31,53	1
12,31,64	1
12,32,33,51,53,79	1
12,32,33,64	1
12,32,34	1
12,32,35	1
12,32,35,93	1
12,32,36	1
12,32,36,40,52,66	1
12,32,36,46,55	1
12,32,36,47,55,60	1
12,32,36,52	1
12,32,43,53	1
12,32,50	1
12,32,50,52,53	1
12,32,50,53,66,79	1
12,32,51	1
12,32,52	1
12,32,52,53,66	1
12,32,53	2
12,32,59	2
12,32,66	1
12,32,71	1
12,33,34,40,60,75	1
12,33,35,79	1
12,33,36,51,52,53,59,98	1
12,33,36,58,59	1
12,33,43,50,53	1
12,33,43,79,93	1
12,33,50,52,55,61	1
12,33,50,53,79	1
12,33,53	1
12,33,55	2
12,33,57	1
12,33,61	1
12,33,75	1
12,34,40,43	1
12,34,43,46,47,53,59	1
12,34,64	1
12,34,64,66,79	1
12,35,36,53,58,59,61,79	1
12,35,43	1
12,35,46,58	1
12,35,51,98	1
12,35,53	1
12,35,55,79	1
12,36,40,52	1
12,36,43,53,64	1
12,36,51	1
12,36,51,53	1
12,39,40	1
12,39,46	1
12,39,59,93	1
12,39,75	1
12,40,43	1
12,40,43,53,59	1
12,40,43,59	1
12,40,43,59,60	1
12,40,47,51,64	1
12,40,51,58,64,66	1
12,40,55,58,61	1
12,40,58	1
12,40,61	1
12,40,71	1
12,40,79	1
12,43,46,47,59,64,79	1
12,43,50,53,61	1
12,43,50,93	1
12,43,51,58,64	1
12,43,53	4
12,43,55	2
12,43,58	1
12,43,58,61	1
12,43,59	1
12,43,61	1
12,43,66	1
12,43,79	1
12,43,93	1
12,46,53	1
12,46,59,93	1
12,46,66,71	1
12,47,64	1
12,47,93,98	1
12,50,53	1
12,50,64	1
12,51,52	1
12,51,52,53	2
12,51,52,61	1
12,51,64	2
12,51,71	1
12,52,55,59	1
12,52,55,93	1
12,52,59	1
12,53,61	1
12,53,75	2
12,55,58	1
12,55,60	1
12,55,79	1
12,57,58	1
12,57,59,79	1
12,58,59	1
12,58,61,66	1
12,58,66	1
12,59,61	2
12,61,66	1
14,15,18,26,32	1
14,15,18,27,31,43,46,51,98	1
14,15,18,35,52,98	1
14,15,35,40,52,61	1
14,15,40,53	1
14,18,20,32,35	1
14,18,24,26,35,47,50,71	1
14,18,25,30,31,32,35,60	1
14,18,26,32,59,61,75	1
14,18,27	1
14,18,30,31,32,43	1
14,18,32,33,55,61	1
14,18,32,33,59,79	1
14,18,32,35,50,53	1
14,18,32,58	1
14,18,35,36	1
14,18,39	1
14,18,51,58	1
14,18,53	2
14,20,26,36,40,50,66	1
14,20,34,40,53	1
14,24,32,35,40,47,53	1
14,24,32,36,53,57,64,71	1
14,24,53	2
14,25,32,35	1
14,25,32,36	1
14,25,75	1
14,26,33	1
14,27,31,32,51,58,59	1
14,27,31,51,61,79	1
14,27,40,47,58	1
14,27,51,60,61	1
14,30,32,34,57	1
14,30,53,64,79	1
14,31,47,51	1
14,32,35	2
14,32,40,52,53,57,64	1
14,32,53	1
14,32,60	1
14,33,35	1
14,33,43	1
14,35,36	1
14,35,43	1
14,35,46,57,58	1
14,35,47,53	1
14,35,47,64	1
14,36,47	1
14,36,47,53	1
14,40,46,50	1
14,40,47,50,53,58	1
14,40,47,53,66,71	1
14,40,47,58	1
14,40,50	1
14,40,52	1
14,40,53	1
14,46,47,51,53,71	1
14,47,53,60,71	1
14,53,58	1
14,58,61	1
15,18,20,31,43,47,58,60,61,66,75,79	1
15,18,20,32,40,98	1
15,18,25,40,47,50	1
15,18,26,30,32,33,40,46,52,55,57,59,60,66	1
15,18,26,30,40,47,53,59,61	1
15,18,31,53	1
15,18,32	1
15,18,32,35,47,51	1
15,18,33	1
15,18,36	1
15,18,43,61	1
15,18,61,66	1
15,20,25,32,79	1
15,20,25,33,43,59,93	1
15,20,31,43	1
15,20,32,35	1
15,20,33,46,47	1
15,20,43,51,53,75	1
15,20,51	1
15,20,52	1
15,20,52,53	1
15,24,26	1
15,24,33	1
15,25,30,43,66,98	1
15,25,32,60,79	1
15,25,35,51,71	1
15,25,43,71	1
15,25,53	1
15,26,27,40,43	1
15,26,31,32,34,51	1
15,26,32,33,79	1
15,26,32,35,40,98	1
15,26,47	1
15,27,32	1
15,30,31	1
15,30,35,43,58	1
15,31,52	1
15,32,40	1
15,32,55	1
15,32,57,59	1
15,32,60,66	1
15,33,36	1
15,33,59	1
15,34,35,36	1
15,34,66	1
15,35,36	1
15,35,36,66	1
15,35,98	1
15,36,58,75,93	1
15,39,66	1
15,40,50,51,53	1
15,40,50,53,57	1
15,40,53,98	1
15,43,46,79	1
15,47,66	1
15,51,66	2
15,52,59	1
15,52,98	1
15,58,61,79,93	1
18,20,25	2
18,20,25,31,32,61	1
18,20,25,32,53,66	1
18,20,25,50	1
18,20,26,35,50	1
18,20,26,47	1
18,20,27,30,43	1
18,20,30	1
18,20,31,40,43,53	1
18,20,32	1
18,20,32,46,51,58,64,66	1
18,20,32,52	1
18,20,36	1
18,20,40	1
18,20,51	3
18,20,57	1
18,20,71	2
18,24,30,33,53,61,64	1
18,24,34,43,93	1
18,24,35,36	1
18,24,40,43,58,75	1
18,24,47	1
18,24,53	1
18,25,26,59,61	1
18,25,31	2
18,25,31,32,59	1
18,25,31,35,57	1
18,25,31,39,43,53	1
18,25,31,51,53	1
18,25,32	3
18,25,32,34,35,51	1
18,25,32,36,51,53	1
18,25,32,39,50,51,53	1
18,25,32,66,98	1
18,25,33	1
18,25,34,64	1
18,25,35,39	1
18,25,36	2
18,25,36,50	1
18,25,40,43,52	1
18,25,40,51	1
18,25,40,61	1
18,25,43,51	1
18,25,43,51,79	1
18,25,50,57,58,75	1
18,25,51	1
18,25,52	2
18,25,53	2
18,25,57,58,75	1
18,25,64	1
18,26,31	3
18,26,32,51	3
18,26,51	1
18,26,51,53	1
18,27,31,43,51,57,79	1
18,27,31,52	1
18,27,33,35,36,39	1
18,27,35,40	1
18,27,36	1
18,27,40	1
18,27,61	1
18,27,64	1
18,30,32	2
18,30,32,51,61	1
18,30,32,79	1
18,30,33	1
18,30,36,40,43,52,58,75	1
18,30,36,59	1
18,30,43,51,58,66	1
18,30,50,58	1
18,30,51,98	1
18,30,53	1
18,30,60,61,66	1
18,30,60,93	1
18,30,61,71	1
18,30,66	1
18,31,32	4
18,31,32,35,53	1
18,31,32,36	1
18,31,32,40,53,55	1
18,31,32,51,52,53	1
18,31,32,51,53	2
18,31,33	1
18,31,34,43,58	1
18,31,35	2
18,31,36,43,51	1
18,31,36,50	1
18,31,40	3
18,31,43,53,61	1
18,31,50	2
18,31,50,64	1
18,31,51	1
18,31,52,53	1
18,31,53	1
18,31,58	1
18,31,60,61,66	1
18,31,66	1
18,32,35	1
18,32,35,40	1
18,32,35,51,53	1
18,32,36	4
18,32,36,47	1
18,32,36,50,52,64	1
18,32,39,51	1
18,32,39,66	1
18,32,40	5
18,32,40,46,53,61	1
18,32,40,51,53	1
18,32,40,53,60	1
18,32,40,59	1
18,32,43,51	2
18,32,46,51	1
18,32,47	2
18,32,47,50,53	1
18,32,47,53	1
18,32,50	1
18,32,50,51,52,53	1
18,32,50,51,53	2
18,32,50,51,53,98	1
18,32,50,51,64	1
18,32,51	12
18,32,51,53,58,93	1
18,32,51,53,98	1
18,32,51,55	1
18,32,51,71	1
18,32,51,79	1
18,32,51,98	1
18,32,52	2
18,32,53	2
18,32,53,57	1
18,32,53,71	1
18,32,59	1
18,32,60,64	1
18,32,61	1
18,32,64	1
18,32,66	1
18,33,35,40,59	1
18,34,36	1
18,34,40	2
18,34,40,46,59,66,71	1
18,34,43	1
18,34,51,98	1
18,35,36	1
18,35,36,52	1
18,35,36,66	1
18,35,40,50,60	1
18,35,43,50,79	1
18,35,47,50,51,52,53,98	1
18,35,51	5
18,35,51,98	1
18,35,93	1
18,36,40	1
18,36,40,58	1
18,36,40,58,59	1
18,36,47,50	1
18,36,51	2
18,36,51,53	1
18,36,52,53	1
18,36,53,58,64	1
18,39,51	1
18,39,51,53	1
18,40,43	1
18,40,50,64	1
18,40,51	1
18,40,79	1
18,43,58	1
18,43,61,66,79	1
18,46,59	1
18,47,50,51,53	1
18,47,51,53	1
18,47,64	1
18,50,51	3
18,50,51,53	1
18,50,52	1
18,50,53	2
18,50,57	1
18,50,98	1
18,51,52	1
18,51,52,66	1
18,51,53	4
18,51,53,60	1
18,51,53,98	1
18,51,59	1
18,53,58	1
18,57,66	1
18,58,66	1
18,61,71,79	1
20,24,25,32	1
20,24,32	1
20,24,36	1
20,24,51	1
20,24,59,66,93	1
20,25,26,32,47	1
20,25,31	1
20,25,31,40	1
20,25,32	7
20,25,32,34	1
20,25,32,35,36,52	1
20,25,32,35,58	1
20,25,32,43,53,58	1
20,25,32,43,58,60	1
20,25,32,59	1
20,25,35	3
20,25,35,40	1
20,25,35,43,52,64,93	1
20,25,35,50	1
20,25,43	1
20,25,51,66,79	1
20,25,52	1
20,25,58	1
20,25,59	1
20,25,75	1
20,25,79	1
20,26,30,43,53	1
20,26,40,75	1
20,26,43	1
20,26,53	1
20,27,32,64	1
20,30,32,43,46,60,93	1
20,30,34,64	1
20,31,39,43	1
20,31,43,53	1
20,31,52	1
20,32,34	1
20,32,34,52,75	1
20,32,35	2
20,32,35,52	1
20,32,35,58	1
20,32,35,59	1
20,32,36,43,46,59,60,71,75	1
20,32,40	1
20,32,43,46,51	1
20,32,43,52,59	1
20,32,43,98	1
20,32,46	1
20,32,51	2
20,32,53	3
20,32,58	2
20,32,60	1
20,33,36	1
20,33,36,53,79	1
20,33,79	1
20,34,35,43,46,51,53	1
20,35,39,53	1
20,35,53	1
20,36,58,79	1
20,36,66	1
20,40,43,59	1
20,43,51	1
20,43,60,61	1
20,46,58,59	1
20,46,79	1
20,47,53,58	1
20,53,57,61,71,93	1
24,25,32,40,53,71	1
24,25,32,47	1
24,25,32,47,55	1
24,26,27,32,40,46,47	1
24,26,31,36,40,53,93	1
24,26,31,47,51,52	1
24,26,32,52,64	1
24,26,46	1
24,26,53	1
24,30,32,43	1
24,30,40	1
24,30,43,79	1
24,31,32,40,53	1
24,31,32,52,57,66	1
24,31,32,59	1
24,31,36	1
24,31,43,79	1
24,32,34,35,53	1
24,32,43,51,58	1
24,32,47,51,59,98	1
24,32,51,66	1
24,32,53	1
24,34,43	1
24,34,43,59	1
24,35,57	1
24,35,98	1
24,36,39	1
24,36,40,50,66	1
24,36,40,53	1
24,40,53,59	1
24,40,55	1
24,43,51	1
24,43,52	1
24,43,53	1
24,43,57	1
24,43,66	1
24,46,55	1
24,51,61	1
24,52,64,98	1
24,53,71,98	1
24,57,93	1
24,58,59	1
24,59,71	1
24,71,75	1
25,26,32,47	1
25,26,32,53	2
25,26,47	1
25,27,32	1
25,27,43,59	1
25,27,59,61,64	1
25,27,61	1
25,30,43	1
25,30,53	1
25,30,57,60,64	1
25,31,32,36	1
25,31,40,52,53	1
25,31,43,50,57	1
25,31,50,51,52	1
25,31,50,75	1
25,32,33,79	1
25,32,34,35,46	1
25,32,35	1
25,32,35,36,46	1
25,32,35,60,61,64	1
25,32,43,52,59	1
25,32,43,59	1
25,32,43,59,93	1
25,32,46	2
25,32,46,58	1
25,32,47	1
25,32,50,51,52,53	1
25,32,50,52	1
25,32,50,53,64	1
25,32,50,58,93	1
25,32,50,59	1
25,32,52	1
25,32,52,59	1
25,32,53	1
25,32,58	2
25,32,59	1
25,32,61,66	1
25,32,64	1
25,32,71	1
25,32,79	1
25,33,36,52	1
25,33,55,57,66,93	1
25,35,36	1
25,35,43,53,58,59,79,98	1
25,35,50	2
25,35,52	1
25,35,52,59	1
25,35,64	1
25,35,79	1
25,36,40	1
25,36,40,51,66	1
25,36,52,58,66,71	1
25,40,43	1
25,40,51	1
25,40,52	1
25,40,59,93	1
25,40,61	1
25,43,53,79	1
25,50,51	1
25,50,51,53,57	1
25,50,51,93	1
25,50,52	1
25,50,53	1
25,50,57	1
25,51,53	1
25,51,61	1
25,51,71	1
25,53,59	1
25,53,60,75	1
25,53,75,93	1
26,27,32,46,47,53,64	1
26,30,31,39,43	1
26,31,47	1
26,32,34,40,60	1
26,32,36,53	1
26,32,36,59,60,61,75	1
26,32,36,93	1
26,32,40	1
26,32,40,46,50,53	1
26,32,46,64,75	1
26,32,47,53,64,75	1
26,32,50	1
26,32,58	1
26,33,53,79	1
26,35,50,53	1
26,35,61	1
26,36,40,50	1
26,40,58	1
26,43,47	1
26,43,51	1
26,46,47	1
26,46,50	1
26,46,51,52	1
26,46,53	1
26,47,50	1
26,51,55	1
26,53,57	1
26,55,66,75	1
27,30,32,43,50,59,98	1
27,30,43,47,64	1
27,31,32	2
27,31,32,50,51	1
27,31,32,57,66,79	1
27,31,53,59	1
27,32,33,50,58,75	1
27,32,35,53,57,64	1
27,32,51	1
27,32,51,53,71	1
27,32,53	1
27,33,36,43	1
27,36,50	1
27,36,61	2
27,36,61,66	1
27,39,46	1
27,40,51	1
27,47,50	1
27,51,53,66	1
27,52,53	1
27,53,61	1
3,10,12,15,18,32,98	1
3,10,12,18	1
3,10,12,18,24,36,46,47,64	1
3,10,12,18,46,53,66	1
3,10,12,20	1
3,10,12,20,35,57,75,98	1
3,10,12,25,46	1
3,10,12,27,39,43,60	1
3,10,12,43,46,75	1
3,10,14,27,61	1
3,10,18,32,51	1
3,10,27,32	1
3,10,30,35,43,61,75	1
3,12,15	1
3,12,15,33,40,52	1
3,12,15,43	1
3,12,18,24,52,71	1
3,12,18,25,34,50,51,52,53	1
3,12,18,32,33	1
3,12,20,25	1
3,12,20,31,51,52,61	1
3,12,20,52	1
3,12,24,50	1
3,12,25,31,32,39,52	1
3,12,25,35,43,52,64,71	1
3,12,25,53	1
3,12,27	1
3,12,30	1
3,12,30,31	1
3,12,30,32	1
3,12,30,35,36	1
3,12,30,36,43,46,47	1
3,12,30,43,59,79	1
3,12,31,39,52,59,98	1
3,12,31,55,71	1
3,12,33,43,50,53,61	1
3,12,33,79	1
3,12,34,35,55	1
3,12,34,43,59,93	1
3,12,35,36,52,64	1
3,12,43,50	1
3,12,43,55,57,66,75	1
3,12,51,53	1
3,12,52,71,93	1
3,12,61,75,79	1
3,12,75	1
3,14,18,25,26,47	1
3,14,25,31	1
3,14,31,33,39	1
3,14,52	1
3,14,61	1
3,14,79	1
3,15,18,31,51,61	1
3,15,26,31,32,33,39,40,46,57,58,64,75	1
3,15,26,75	1
3,15,27,34,36,58,59,79	1
3,15,32	1
3,15,34	1
3,15,40,51	1
3,15,43	1
3,15,79	1
3,18,20	2
3,18,20,25	1
3,18,20,32,43	1
3,18,25,26,32,36	1
3,18,25,33,43	1
3,18,30	1
3,18,31,32	1
3,18,31,39,51	1
3,18,32,35,36,43,52,55,79	1
3,18,32,46,59,93	1
3,18,32,53,98	1
3,18,36	1
3,18,50,58,59	1
3,18,51	1
3,18,51,71,98	1
3,18,59	1
3,18,66	1
3,20,30	1
3,20,31	1
3,20,33,59	1
3,20,51,52	1
3,20,59	1
3,24,26,34,64	1
3,24,31	1
3,24,31,53	1
3,25,27,50	1
3,25,30,32,33,43,52	1
3,25,30,32,43	1
3,25,32	1
3,25,32,33,43	1
3,25,32,43	1
3,25,34,35,36	1
3,25,47,75	1
3,25,50,98	1
3,25,66	1
3,26,36,40,61	1
3,27,34,35,55,57,58	1
3,27,43,53,66	1
3,30,31,32,52	1
3,30,58,59,79	1
3,31,36,40,51,59,98	1
3,31,36,53	1
3,31,47,52	1
3,31,51	1
3,31,58,59,64	1
3,32,33	1
3,32,36,52,75	1
3,32,53	1
3,32,55	1
3,33,59,79	1
3,35,50	1
3,36,51	1
3,40,47,51	1
3,40,66	1
3,40,75	1
3,43,59	1
3,43,61,93	1
3,43,66	1
3,5,12,18,20,32,46	1
3,5,12,27,35,52,66	1
3,5,12,35,61,75,79	1
3,5,12,43	1
3,5,18,20,25,51,53,57	1
3,5,20,32,43,47,59	1
3,5,20,32,58,59	1
3,5,25,30	1
3,5,25,32,43,98	1
3,5,31,34,40,64	1
3,5,36,52	1
3,5,6,10,12,25,27,36,43,61	1
3,5,6,10,18,40,47,57	1
3,5,6,12,15,24,51,52,55,93	1
3,5,6,12,15,25,32,36,43,46,60,66	1
3,5,6,12,18,32,36,43,61	1
3,5,6,12,59	1
3,5,6,12,79	1
3,5,6,18,59,79	1
3,5,6,25,32,36,52,98	1
3,5,6,31,35,71	1
3,5,6,7,12,15,27,30,31,33,35,39,40,46,55,61,79	1
3,5,6,7,12,18,25,32,40,47,66,75	1
3,5,6,7,8,40,51	1
3,5,6,7,8,9,10,14,15,18,30,31,43,47,51,57,61,66,93,98	1
3,5,6,7,8,9,40,53,58,66	1
3,5,6,7,9,12,24,32,58,71,75	1
3,5,6,8,12,14,15,24,25,26,35,43,61,66,75,93,98	1
3,5,6,8,12,15,20,25,27,40,55,57,58,61,64,66	1
3,5,6,8,12,18,20,25,30,34,43,47,57,59,61,79	1
3,5,6,8,12,18,25,43,66	1
3,5,6,8,12,18,53,57,71	1
3,5,6,8,18,25,27,40,53,57,66,79	1
3,5,6,8,18,25,34,43,61	1
3,5,6,8,18,25,43,61,66	1
3,5,6,8,9,12,15,20,27,71,93,98	1
3,5,6,9,12,18,27,58,60,64,71	1
3,5,6,9,12,27,39,43	1
3,5,6,9,12,34,39,47,61	1
3,5,6,9,25,26,31,32,33,47,58,59,61,79	1
3,5,6,9,25,27,34,36,43	1
3,5,7,18,40,53,60	1
3,5,7,8,40,57,66	1
3,5,7,9,12,30,35,61	1
3,5,8,10,18,20,24,25,57,58,66	1
3,5,8,12	1
3,5,8,12,18,26,27,34,51,60	1
3,5,8,12,18,27	1
3,5,8,12,25,34,36,43,51,66,79	1
3,5,8,12,31,46,50,60,61,66	1
3,5,8,12,47,52	1
3,5,8,14,18,35,36	1
3,5,8,15,18,20,26,35,51,58,71	1
3,5,8,18,25,35,61,66,98	1
3,5,8,18,32,35,43,51,55,66	1
3,5,8,18,59	1
3,5,8,20,25,30,31,33,34,40,55,59,60,75	1
3,5,8,20,27,32,59,66	1
3,5,8,24,35,53,57,58,60	1
3,5,8,30,32	1
3,5,8,31,36,59,61,79	1
3,5,8,31,53	1
3,5,8,32,61,93	1
3,5,8,34	1
3,5,8,53,55,59	1
3,5,8,9,27,31,34,40	1
3,5,9,12,14,15,18,33,34,43	1
3,5,9,12,31,32,66,71,79	1
3,5,9,12,31,79	1
3,5,9,12,36,59	1
3,5,9,18,40,51	1
3,5,9,18,43,58,59	1
3,5,9,31,64,66	1
3,51,53	1
3,51,55	1
3,52,59	1
3,59,75	1
3,6,10,12,14,15,61	1
3,6,10,15,31,51,53,60,61,66	1
3,6,10,32,33,57	1
3,6,12,15,18,40	1
3,6,12,18,25,30,35	1
3,6,12,18,26,31,34,40,47	1
3,6,12,18,26,32,51,66	1
3,6,12,27,33,43	1
3,6,12,27,57	1
3,6,12,35,60	1
3,6,12,46,60,75	1
3,6,12,52,53,61	1
3,6,14,20,25,34	1
3,6,14,20,31,32,40,46	1
3,6,15,18,64	1
3,6,15,27,46,57,61	1
3,6,18	1
3,6,18,25,32,35,40,50	1
3,6,18,25,32,98	1
3,6,18,30,34,36,46,59,93	1
3,6,20,32,40,51	1
3,6,25	1
3,6,25,31	1
3,6,25,31,32,46,79	1
3,6,26,32,34,35,36,57,58,61	1
3,6,27,34,52	1
3,6,30	2
3,6,30,46	1
3,6,32,43,64	1
3,6,32,55	1
3,6,35,53	1
3,6,36	1
3,6,46,51	1
3,6,52,58	1
3,6,7,18,31,43,51,52	1
3,6,7,8,12,20,58,66,98	1
3,6,7,8,9,10,25,30,31,32,35,46,47,61,79	1
3,6,7,8,9,15,24,27,43	1
3,6,7,9,25,30,32,33,43,51,93	1
3,6,8,10,12,33,43,53,75,98	1
3,6,8,10,15,18,27,30,43,51	1
3,6,8,10,18,36,39,79	1
3,6,8,10,34	1
3,6,8,12	1
3,6,8,12,15,18,58,61,79	1
3,6,8,12,15,20,33,35,51,59	1
3,6,8,12,15,24,60,71	1
3,6,8,12,15,30,33,47,59	1
3,6,8,12,18,25,27,35,40,55	1
3,6,8,12,18,25,40,43,51,53,71	1
3,6,8,12,18,30,32,43,47,64	1
3,6,8,12,18,32,36,40	1
3,6,8,12,18,35,43	1
3,6,8,12,27,50,52,57,58,93	1
3,6,8,12,30,35,59	1
3,6,8,12,36,60,61,79	1
3,6,8,12,43,55,61	1
3,6,8,14,25,64	1
3,6,8,15,18,20,35	1
3,6,8,18,24,31,43,52,71,93	1
3,6,8,18,31	1
3,6,8,24,35,47,57,66	1
3,6,8,25,32,39,40,64	1
3,6,8,25,35,46	1
3,6,8,27	1
3,6,8,27,32,79	1
3,6,8,27,61	1
3,6,8,31,35,40,47,51,52,58,60	1
3,6,8,31,35,50,52,53,66	1
3,6,8,34,50,66	1
3,6,8,36,64	1
3,6,8,39,55	1
3,6,8,9,10,12,25,34,55	1
3,6,8,9,10,25,35,98	1
3,6,8,9,10,61	1
3,6,8,9,12,18,40,60,66	1
3,6,8,9,18,20,79,93	1
3,6,8,9,18,27,36,61,75	1
3,6,8,9,18,39,40,46,51,53,71	1
3,6,9,12,27,30,31,34,43	1
3,6,9,27,43,59,61,66	1
3,61,66	1
3,66,75	1
3,7,10,18,27	1
3,7,10,27,33,46,47	1
3,7,12,14,40,53	1
3,7,12,20,30,34,40,43	1
3,7,12,25,43,75	1
3,7,12,30,34,51,53,66	1
3,7,12,43,51,59,98	1
3,7,12,50	1
3,7,12,50,51,53,58,75	1
3,7,14,18,25,33,36	1
3,7,18,59	1
3,7,20	1
3,7,25,32,36,43,66	1
3,7,32,50	1
3,7,40	1
3,7,53,60	1
3,7,8,12,18,30,36,57,75	1
3,7,8,12,20,33,34,66,75	1
3,7,8,12,40,53	1
3,7,8,18,33,50,53,55,57	1
3,7,8,20,32,40,51,52,64,66,79	1
3,7,8,25	1
3,7,8,35,71	1
3,7,8,9,12,20,27,36,43,55,66,75	1
3,7,8,9,15,27,30,47	1
3,7,9,10,12,15,40,55,66	1
3,7,9,27,36,58,59	1
3,8,10,12,25,32,34,36,40,46,53,64,98	1
3,8,10,14,50,53,66	1
3,8,12	1
3,8,12,14,26,40	1
3,8,12,15,18,24,43,61	1
3,8,12,15,18,27,30,40,43,61	1
3,8,12,15,18,31,50	1
3,8,12,15,24,53,57	1
3,8,12,15,27,33,47,57,59	1
3,8,12,18,20,25	1
3,8,12,18,26,36,58	1
3,8,12,18,27,55,66,71	1
3,8,12,18,30,53,55,59,79	1
3,8,12,18,32,33,43,79	1
3,8,12,18,32,33,47,51,52,61,66,98	1
3,8,12,18,32,47	1
3,8,12,18,32,53,61	1
3,8,12,18,43,55	1
3,8,12,18,51,52,59,60	1
3,8,12,20	1
3,8,12,20,25,30,36,66	1
3,8,12,20,25,35,66	1
3,8,12,20,25,52,55,59	1
3,8,12,20,27,31,50,66	1
3,8,12,25,40	1
3,8,12,25,60,98	1
3,8,12,27,33,36,43,60,66	1
3,8,12,32,46,61	1
3,8,12,35,43,57,59,66	1
3,8,12,35,66	1
3,8,12,39	1
3,8,12,39,43	1
3,8,12,40	1
3,8,12,43	1
3,8,12,43,79	1
3,8,12,46,53	1
3,8,12,52	1
3,8,14,18,24,27,32,33,52,61,79	1
3,8,14,18,32,43,51,52	1
3,8,14,20,32,46	1
3,8,14,24,52,58,59,60	1
3,8,15	1
3,8,15,24,51,53,66	1
3,8,15,36,59,66	1
3,8,18	1
3,8,18,20	1
3,8,18,20,31	1
3,8,18,24,30,36	1
3,8,18,24,34,47,60,66	1
3,8,18,24,52	1
3,8,18,25,31,52,55,66	1
3,8,18,25,35,39	1
3,8,18,25,36,64,79	1
3,8,18,25,36,66,93	1
3,8,18,27,40	1
3,8,18,30,51,59	1
3,8,18,30,55	1
3,8,18,31,36,52	1
3,8,18,31,51	1
3,8,18,33,34,51,57,79	1
3,8,18,35,43,66,75,79	1
3,8,18,52	1
3,8,20,24,31	1
3,8,20,25,47,58	1
3,8,20,32,52	1
3,8,24,26,31,34,35,40,51,75	1
3,8,24,32	1
3,8,24,32,35,40,46,53,55,66	1
3,8,24,71	1
3,8,25	1
3,8,25,30,43,59	1
3,8,25,31,32	1
3,8,25,31,50,58,61,66	1
3,8,25,34,43,52,57,59,61	1
3,8,25,36,52,58	1
3,8,25,51,64,71	1
3,8,26,31,51	1
3,8,27	1
3,8,27,75	1
3,8,30,43	1
3,8,30,46	1
3,8,30,53,64	1
3,8,31,43	1
3,8,32	2
3,8,32,34,40,50,52	1
3,8,32,36,50,59	1
3,8,32,58	1
3,8,34	1
3,8,35,53,60,61	1
3,8,36,79	1
3,8,40,53,61	1
3,8,43,52	1
3,8,47,51	1
3,8,51	1
3,8,52	1
3,8,53,98	1
3,8,59	1
3,8,61	1
3,8,9,12,15,18,20,25,27,50,58	1
3,8,9,12,15,18,25,33,43,50,51,57,60,61,93	1
3,8,9,12,15,18,40,55,59,98	1
3,8,9,12,15,24,25,26,35,66,93	1
3,8,9,12,18,20,26,32,33,47,59	1
3,8,9,12,24,26,43,59	1
3,8,9,12,25,43	1
3,8,9,12,43,61,66,71	1
3,8,9,18,25,33,36,40,52	1
3,8,9,18,25,43,51	1
3,8,9,24,35,36,52	1
3,8,9,25	1
3,8,9,26,32,58,66	1
3,8,9,30,32,35,58,93	1
3,8,9,30,40	1
3,8,9,32,33,36,50,64	1
3,8,9,33,36,61	1
3,8,9,64	1
3,9,10,24,25,32,43,47,51,52,53	1
3,9,12	1
3,9,12,15,18,25,66	1
3,9,12,15,32,47,53,59	1
3,9,12,20,36,66	1
3,9,12,27,36,39,43,59	1
3,9,12,32,43,64,66	1
3,9,14,32,47,57	1
3,9,18,30,43	1
3,9,24,52,58	1
3,9,25,53	1
3,9,26,34,35,43	1
3,9,27	1
3,9,40	1
3,9,43,66	1
3,9,59,64,79	1
30,32,35,36,43	1
30,32,36	1
30,32,43,51,71	1
30,32,43,66	1
30,32,50,59	1
30,33,46	1
30,33,53,59,60,98	1
30,34,50	1
30,35,43,79	1
30,36,43,47	1
30,40,55,57,60	1
30,40,59	1
30,43,52	1
30,43,52,79	1
30,43,53	2
30,43,57	1
30,43,59	1
30,53,58,93	1
30,53,66	1
30,58,61	1
30,59,60,66,75	1
31,32,36	1
31,32,39,53,93	1
31,32,40	1
31,32,43	1
31,32,43,57	1
31,32,51	1
31,32,51,53	1
31,32,51,53,66	1
31,32,53	1
31,33,52,75	1
31,34,35,36,58,61	1
31,34,39,52,66	1
31,34,52	1
31,36,43	1
31,36,58	1
31,40,47,51	1
31,40,51	1
31,43,50,93	1
31,43,59,61,66	1
31,43,79,93	1
31,46,61,79	1
31,47,59	1
31,50,53	1
31,51,71	1
31,52,55	1
31,52,59	1
31,53,55	1
31,58,93	1
32,33,36,50	1
32,33,36,50,55	1
32,33,36,50,57,59,79	1
32,33,36,53	1
32,33,50,55,58,61	1
32,33,50,57,79	1
32,33,53	1
32,33,53,61	1
32,33,55,64,75	1
32,33,59,79	1
32,34,40,43,51,64	1
32,34,50,53,57,61,66	1
32,35,36,50,52,53	1
32,35,36,79	1
32,35,46,51,53	1
32,35,47	1
32,35,51,58,66,79	1
32,35,53,61	1
32,35,55,64	1
32,35,58	1
32,36,40,46,51,53	1
32,36,40,50	1
32,36,40,52,53	1
32,36,50	1
32,36,50,57,58	1
32,36,51,53	1
32,36,55	1
32,36,75	1
32,39,50,59	1
32,39,53	1
32,40,46	2
32,40,46,50,53	1
32,40,47	1
32,40,47,58,61	1
32,40,50,53,55,57	1
32,40,53	1
32,40,53,59,66,93	1
32,40,64	1
32,43,46,59	1
32,43,47	1
32,43,53	1
32,43,60,61	1
32,46,50,53	1
32,46,50,53,57,75	1
32,46,51,52	1
32,46,51,55,58,60	1
32,46,52,53	1
32,47,53	1
32,47,60	1
32,50,51	1
32,50,52,53,58	1
32,50,53	1
32,50,53,61	1
32,50,59	1
32,51,53	4
32,51,53,66	1
32,51,59	1
32,51,64	2
32,53,59,64	1
32,53,64	1
32,53,64,66	1
32,55,79	1
32,57,58	1
32,57,66	1
32,57,66,93	1
32,59,66	1
32,64,75	1
32,66,75	1
33,35,47,50,59	1
33,36,46,60,79	1
33,36,79	1
33,43,53	1
33,50,53	1
33,51,71	1
33,57,93	1
34,35,36,66	1
34,36,59	1
34,40,53	1
34,47,53	1
34,52,57	1
34,53,57,59,66	1
34,59,60	1
34,61,66,75	1
35,36,51,66	1
35,36,52,53	1
35,36,64	1
35,40,46,55	1
35,40,71	1
35,43,46,61	1
35,46,50,51,53	1
35,47,52,66	1
35,47,60	1
35,50,55	1
35,52,53	1
35,53,61	1
35,53,64	1
35,57,58	1
35,61,66,71	1
36,40,50	1
36,40,98	1
36,43,51,55,58,93	1
36,43,52,59,61,64,93	1
36,43,53,57,59	1
36,46,58	1
36,50,52	1
36,51,55,58,61,66,75	1
36,53,57	1
36,53,64	1
36,57,58	1
36,57,79	1
36,61,79	1
36,61,93	1
39,40,43,57,58,79	1
39,40,52	1
39,50,52,53,64	1
39,53,59,71	1
40,43,52,59	1
40,46,47	1
40,46,51,66	1
40,46,53	1
40,47,51	1
40,47,53	1
40,50,53	1
40,50,64	1
40,51,52	1
40,51,59,79	1
40,52,58	1
40,53,60	1
40,53,64	1
40,57,66	1
40,59,79	2
40,66,79	1
40,71,79	1
43,46,59,61,66	1
43,50,52	1
43,50,53	1
43,51,66	1
43,52,58	1
43,53,58,59,98	1
43,53,59	1
43,53,93	1
43,60,61	1
43,61,66	1
43,61,71	1
43,61,75	1
43,66,79	1
43,79,93	1
46,50,51	1
46,50,53	1
46,51,58	1
46,51,71	1
46,53,55	1
46,58,66	1
47,50,51,53	1
47,53,60,61	1
47,58,66	1
5,10,12,14	1
5,10,12,14,32,61	1
5,10,12,25,32,33,40,47,51,53,61,64,93	1
5,10,12,31,40,52,57,64	1
5,10,12,43,51	1
5,10,14,18,24	1
5,10,15,24,26,35,40,53,66,71	1
5,10,18,31,35,36	1
5,10,24	1
5,10,24,71	1
5,10,25,40,51	1
5,10,26	1
5,10,35,51,55	1
5,10,36	1
5,10,51	1
5,10,52,64,79	1
5,12,14,15,43,61,75	1
5,12,14,18,24,31,32,50	1
5,12,14,26,40,47,53	1
5,12,14,35,43,47,51	1
5,12,14,43,52,61	1
5,12,15,18,27,60,66	1
5,12,15,18,35,36,43,53,64,79,98	1
5,12,15,18,51,52,58,66,98	1
5,12,15,24,32,35,39,46,51,61	1
5,12,15,25	1
5,12,15,26,35,53,61	1
5,12,15,35,43,58,61	1
5,12,15,66	1
5,12,18	1
5,12,18,20,24	1
5,12,18,20,43	1
5,12,18,25,27,30,43,57	1
5,12,18,25,31,32,35,46,47	1
5,12,18,25,39,51,93	1
5,12,18,26,31,51,53,61	1
5,12,18,32,51	1
5,12,18,32,58,79	1
5,12,18,43,46,47	1
5,12,18,43,61	1
5,12,20	1
5,12,20,25,26,32,43,57	1
5,12,20,25,58	1
5,12,20,26,34,35,39	1
5,12,24,25,26	1
5,12,24,25,27,32,43,61,93	1
5,12,24,27,32,35,64,98	1
5,12,24,32,33,51,55	1
5,12,24,32,34,40,53,79	1
5,12,24,32,35,43,52,66	1
5,12,24,36,46,51,66	1
5,12,24,61	1
5,12,25,30,32,36,43,47,51,58,59,93,98	1
5,12,25,30,33,35,43,58,93	1
5,12,25,30,33,36	1
5,12,25,43,53,60	1
5,12,27,40	1
5,12,27,43,61	1
5,12,27,51	1
5,12,30,32,43,93	1
5,12,31	1
5,12,31,32,40,46,51,55	1
5,12,32	1
5,12,32,39,51,59	1
5,12,32,40,51,53,58,60	1
5,12,32,53	1
5,12,32,66	1
5,12,33,53	2
5,12,36	1
5,12,43	1
5,12,43,53,59,93	1
5,12,43,58	1
5,12,43,59	1
5,12,47,58	1
5,12,50	1
5,12,51,60,64	1
5,12,53,55	1
5,12,66	1
5,14,15,18,25,31,34,36,61,79	1
5,14,15,39,52	1
5,14,26	1
5,14,26,46	1
5,14,33,60,71	1
5,14,36,57,71	1
5,15,18,53	1
5,15,18,61	1
5,15,25,32,43,60	1
5,15,25,36	1
5,15,32,43,58	1
5,15,35,51	1
5,15,52	1
5,18,20,31,43,53	1
5,18,20,35,58	1
5,18,20,36	1
5,18,20,36,59	1
5,18,20,47,79	1
5,18,24,46	1
5,18,25	3
5,18,25,26,33,36,40	1
5,18,25,32,35,39,66	1
5,18,25,39	1
5,18,26	1
5,18,26,30,47,53	1
5,18,26,31,40,51,58,71	1
5,18,26,32,36	1
5,18,26,36	1
5,18,27,32,98	1
5,18,27,36	1
5,18,31,32,35,66	1
5,18,31,34,52	1
5,18,31,52,64	1
5,18,32	1
5,18,32,51,53	1
5,18,36	2
5,18,36,43	1
5,18,36,53	1
5,18,36,59	1
5,18,40	1
5,18,40,51	1
5,18,40,66	1
5,18,43	1
5,18,46,61,79	1
5,18,51	1
5,18,58	1
5,18,58,98	1
5,20,24,32,59	1
5,20,25	1
5,20,25,32,39,51	1
5,20,25,32,57	1
5,20,25,32,58,64	1
5,20,25,32,59	1
5,20,25,32,61	1
5,20,25,57	1
5,20,32,66	1
5,24,31,32,43,51	1
5,24,40,47,71	2
5,25,27,58	1
5,25,30,32,79	1
5,25,31,51,52	1
5,25,31,51,75	1
5,25,32,52,53	1
5,25,35	1
5,25,35,36,39,46,53,58	1
5,25,36	1
5,25,43,59,61,75,79	1
5,25,43,79	1
5,25,53	1
5,26,32,40	1
5,26,40,50	1
5,26,40,53,58	1
5,26,47,71	1
5,27,36	1
5,30,33,60,79	1
5,30,71	1
5,31,35,39,43,52	1
5,31,40,57,64	1
5,31,43,55,66	1
5,31,46,53,59,64	1
5,31,64,93	1
5,31,75,93	1
5,32,33,50,52	1
5,32,36,50,59	1
5,32,40	1
5,32,46	1
5,32,46,51,53	1
5,32,50,71	1
5,32,51	1
5,32,51,57	1
5,32,53,55,93	1
5,32,53,58,59	1
5,32,60	1
5,32,66	1
5,33,51,60	1
5,33,53	1
5,33,59	1
5,33,66	2
5,35,40	1
5,35,64	1
5,35,75	1
5,36,47	1
5,36,47,59	1
5,36,66	1
5,36,71	1
5,39,52	1
5,40,47,64	1
5,40,52	1
5,43,59,61,79	1
5,43,66	1
5,46,61,75	1
5,52,53,64	1
5,52,58	1
5,53,55	1
5,53,60	1
5,57,61	1
5,59,60	1
5,6,10	1
5,6,10,12,18,32,43,53,60	1
5,6,10,12,18,43,55,61	1
5,6,10,12,25,27,43,51,66,79,98	1
5,6,10,14	1
5,6,10,18,35,52,64,98	1
5,6,10,24,34	1
5,6,10,43,46,47,52	1
5,6,12	3
5,6,12,15,30,36,51,98	1
5,6,12,18,25,51,59,79	1
5,6,12,18,26,33,39,40,58,93,98	1
5,6,12,18,43,53,60	1
5,6,12,20,35,36	1
5,6,12,20,51,59	1
5,6,12,24,25,35,40,61,71,75,79,93,98	1
5,6,12,25	1
5,6,12,30,43,46,53,58,98	1
5,6,12,30,59,79	1
5,6,12,32	1
5,6,12,36	1
5,6,12,46,47,66,75,93	1
5,6,14,25,27,51,53,57	1
5,6,14,50,51	1
5,6,15,18,25,32,36,40,51	1
5,6,15,24,32,35,71	1
5,6,15,25,53,58	1
5,6,18	3
5,6,18,20,25,27,52	1
5,6,18,25,32	1
5,6,18,25,53	1
5,6,18,26,52,64,66	1
5,6,18,31,39,60,61	1
5,6,18,32,34,79	1
5,6,18,32,53	1
5,6,18,32,55,66,79	1
5,6,18,47	1
5,6,18,47,53	1
5,6,18,53	2
5,6,20	1
5,6,20,25,32,47,51	1
5,6,20,32,52	1
5,6,24,32,35,58	1
5,6,24,35,59	1
5,6,25	1
5,6,25,32	2
5,6,25,34,59	1
5,6,27,36,43	1
5,6,27,61	1
5,6,30	1
5,6,30,36,43,50,52	1
5,6,30,43	1
5,6,32	1
5,6,32,36,53	1
5,6,32,52,60,66	1
5,6,32,60	1
5,6,32,64	1
5,6,33	1
5,6,35,57	1
5,6,35,64,66,75	1
5,6,40,52	1
5,6,51,52	1
5,6,51,53,60	1
5,6,52	1
5,6,52,57,60	1
5,6,57,64	1
5,6,61	1
5,6,66	1
5,6,7	1
5,6,7,12,14,26,31,33,35,40,43,46,52,59	1
5,6,7,12,25,32,35,46,50,59,64	1
5,6,7,15,32,35,60,93	1
5,6,7,18,25,36,40	1
5,6,7,32,35,61,98	1
5,6,7,36	2
5,6,7,8,12,14,15,18,20,24,26,30,43,55,58,61,75,79,93,98	1
5,6,7,8,12,14,25,32,46,60,61,79	1
5,6,7,8,12,35,40,57,79	1
5,6,7,8,12,51,53	1
5,6,7,8,14,24,26,32,36,39,46,51,53,58,64,98	1
5,6,7,8,15,26,35,36,59,64,79	1
5,6,7,8,15,27,43	1
5,6,7,8,18,40	1
5,6,7,8,32,34,40,43,47,52,66	1
5,6,7,8,9,12,18,25,35,39,43,75	1
5,6,7,8,9,14,24,25,35,51,55,57,59,79,98	1
5,6,7,8,9,18,40,43,51,53,75	1
5,6,8	2
5,6,8,10,12,14,24,51,59,61	1
5,6,8,10,12,15,18,33,36,51,52,66,71,79	1
5,6,8,10,12,15,52,60	1
5,6,8,10,12,18,27,39,40,61	1
5,6,8,10,12,34,35,58,66	1
5,6,8,10,18,25,32,43,60	1
5,6,8,10,25,32,35,50,52	1
5,6,8,12,14,18,26,36	1
5,6,8,12,14,25,26,27,51	1
5,6,8,12,15	1
5,6,8,12,15,18,30,35,39,43,47,55,59,75,93	1
5,6,8,12,15,18,43,59	1
5,6,8,12,15,20,24,32,55,61	1
5,6,8,12,15,24,27,30,39,40,53,66,93	1
5,6,8,12,15,24,43,57,71,79	1
5,6,8,12,15,25,35,40,50,60,61,64	1
5,6,8,12,15,66	1
5,6,8,12,18,20,25,30,43,46,52,53	1
5,6,8,12,18,20,25,32,36,51	1
5,6,8,12,18,27,32,47,79	1
5,6,8,12,18,30,31,32,36,59	1
5,6,8,12,18,30,31,43,51,60	1
5,6,8,12,18,31,36,55,61	1
5,6,8,12,25,59,79,93	1
5,6,8,12,27	1
5,6,8,12,27,31,39,43,59	1
5,6,8,12,33,36,40,43,64	1
5,6,8,12,43,75	1
5,6,8,14,15,18,25,30,35,50,52,93	1
5,6,8,14,15,33,36,43,51,60,66,93	1
5,6,8,14,18,36,51,58,71	1
5,6,8,14,31,32,53,58,60,61,64,66	1
5,6,8,15,27,31,43	1
5,6,8,15,43,58,60,61,98	1
5,6,8,18,20,25,61	1
5,6,8,18,20,30,31,36,40,43,50,51,55,59	1
5,6,8,18,27	1
5,6,8,18,27,30,71	1
5,6,8,18,31,40,43,51	1
5,6,8,18,36,43,47,58	1
5,6,8,18,36,47,61	1
5,6,8,18,40,47	1
5,6,8,24,25,51,61	1
5,6,8,24,31,32,51,57,61,75	1
5,6,8,24,32,35,39,51,53	1
5,6,8,24,35,39,58,64,71	1
5,6,8,24,59,60,75	1
5,6,8,25,27,39,43,64	1
5,6,8,25,31,32,34,35,40,51	1
5,6,8,25,32	1
5,6,8,25,32,57,58	1
5,6,8,27,30,61,98	1
5,6,8,27,32,40,98	1
5,6,8,27,35,59,66	1
5,6,8,27,36,43,51,59,61	1
5,6,8,27,40,52	1
5,6,8,27,43,66,79	1
5,6,8,27,58,61,66	1
5,6,8,27,61	1
5,6,8,32,40	1
5,6,8,32,61	1
5,6,8,33,43,51	1
5,6,8,36,52	1
5,6,8,40,43,51	1
5,6,8,9,10,12,15,20,24,27,31,34,35,43,47,61,66,71,98	1
5,6,8,9,10,12,20,24,39,43,47,64	1
5,6,8,9,10,12,27,51,52,61,64	1
5,6,8,9,12,14,15,24,25,33,35,43,58,61,66,79	1
5,6,8,9,12,14,18,26,30,32,61,64,71	1
5,6,8,9,12,15,31,51,52	1
5,6,8,9,12,18,25,31,32,33,40,43,50,53,66,75	1
5,6,8,9,12,18,30,35,39,40,55	1
5,6,8,9,12,25,27,36,43,46	1
5,6,8,9,12,30,43,61	1
5,6,8,9,12,31,43,51,52,57,75,98	1
5,6,8,9,12,31,52,71,98	1
5,6,8,9,12,34,35,46,47,57,58,61,71	1
5,6,8,9,12,43,47,64	1
5,6,8,9,14,27,58,60,61	1
5,6,8,9,18,32	1
5,6,8,9,18,43,53,57	1
5,6,8,9,20,24,27,57,79	1
5,6,8,9,24,32,43,66	1
5,6,8,9,27	1
5,6,8,9,27,40,52	1
5,6,9	2
5,6,9,10,25,36,43,61	1
5,6,9,12,15,18,24,26,27,35,39,40,46,47,51,52,53,61,64,79	1
5,6,9,12,18,25,26,31,32,53,61	1
5,6,9,12,20,33,40	1
5,6,9,12,25,26,27,30,47,51,55,59,60,64,71,98	1
5,6,9,12,33,35,66	1
5,6,9,12,33,43,52,53,61,64	1
5,6,9,14,15,30,31,36	1
5,6,9,18,25,32,36	1
5,6,9,20,40,79	1
5,6,9,43,53	1
5,6,9,79	1
5,60,61	1
5,66,79	1
5,66,98	1
5,7,12	1
5,7,12,15,18,26,30,31,35,36,40,43,57,59	1
5,7,12,20,33,43	1
5,7,12,53,59	1
5,7,14,18,32,60,61	1
5,7,20,25,32,34,35,39,52,53	1
5,7,24,30,34,51,66,79,93	1
5,7,25,43,53	1
5,7,26,32,47,50	1
5,7,32,33,53,59,61,75	1
5,7,36,50,93	1
5,7,46	1
5,7,53	1
5,7,8,24,43	1
5,7,8,25,32,35,53	1
5,7,8,43,79	1
5,7,8,9,12,30,32,33,40,43,50,66	1
5,7,8,9,12,33,61,79	1
5,7,8,9,18,57	1
5,7,9	1
5,7,9,12,18,32,33,43,50,55	1
5,7,9,12,32,35,40,52,79	1
5,7,9,14,26,34,57	1
5,7,9,18,35	1
5,7,9,32,35,46	1
5,7,9,34,40,51	1
5,7,9,40,46,53,61,93	1
5,7,9,53,55,60,61	1
5,8,10,12,18,25,30	1
5,8,10,12,24,32,43,46,53,58,60	1
5,8,10,12,30,31,61,93	1
5,8,10,15,35,66	1
5,8,10,18,25,31,53,58	1
5,8,10,18,26,79	1
5,8,10,18,53	1
5,8,10,25,32,93	1
5,8,10,52	1
5,8,10,75	1
5,8,12	2
5,8,12,14,35,40,52	1
5,8,12,14,35,53	1
5,8,12,15,18,43,57,61	1
5,8,12,15,31,35	1
5,8,12,15,32,36,43,59,61,93,98	1
5,8,12,18,24,34,51,52,75,79	1
5,8,12,18,27,32,43,51,59	1
5,8,12,18,31,32,35	1
5,8,12,18,31,36,58	1
5,8,12,20,24,35,52,71	1
5,8,12,20,27,61	1
5,8,12,20,32,52	1
5,8,12,20,32,58,64,98	1
5,8,12,24,25,64	1
5,8,12,24,31,35,53,71	1
5,8,12,24,32,36,53	1
5,8,12,24,43,51,93	1
5,8,12,25	2
5,8,12,25,30,39,51,57,58,59,61	1
5,8,12,25,32,50,64	1
5,8,12,26,30,32,51,59,66	1
5,8,12,26,31,32,40,43,46,79	1
5,8,12,26,32,35,36,93	1
5,8,12,26,33,79	1
5,8,12,26,59,60,79	1
5,8,12,27,30,43,66	1
5,8,12,27,36,53,55	1
5,8,12,27,66	1
5,8,12,30,36,43,51,52	1
5,8,12,31,53,57	1
5,8,12,32,36,40,52,53,58,98	1
5,8,12,32,43,46	1
5,8,12,33,64	1
5,8,12,39,93	1
5,8,12,40	1
5,8,12,40,79	1
5,8,12,43	1
5,8,12,51,66	1
5,8,14,15,32,35,40,51,57,60,64	1
5,8,14,24,32,33,40,47,53,58,66	1
5,8,14,24,58	1
5,8,14,26	1
5,8,14,26,32,33,40,47	1
5,8,14,26,35,36,39	1
5,8,15	1
5,8,15,18,25,26,43,46,57,59,66	1
5,8,15,18,25,59,79,93	1
5,8,15,18,34,51,60	1
5,8,15,25,50,66	1
5,8,15,25,57,58	1
5,8,15,26,43	1
5,8,15,32,40,47,53,71	1
5,8,15,39,40,52	1
5,8,15,39,52,60	1
5,8,15,52	1
5,8,15,93	1
5,8,18	3
5,8,18,20,32	1
5,8,18,20,43,47	1
5,8,18,24,32,51,53,58,66,79	1
5,8,18,25	1
5,8,18,25,27,32,59	1
5,8,18,25,30,43,46	1
5,8,18,25,31,58	1
5,8,18,25,43,58	1
5,8,18,25,57,66	1
5,8,18,26,36,59	1
5,8,18,27,39,51,61	1
5,8,18,32,51	1
5,8,18,32,51,55,75,98	1
5,8,18,39	1
5,8,18,40	1
5,8,18,43,47,55	1
5,8,18,46	1
5,8,18,98	1
5,8,20	1
5,8,20,24,52	1
5,8,20,51	1
5,8,24,33,43,53	1
5,8,24,53	1
5,8,25,32	1
5,8,25,35	1
5,8,25,39,52	1
5,8,26,36	2
5,8,26,39,40,52,64,71,75	1
5,8,26,53	1
5,8,27,31,36,40,43,64,79	1
5,8,27,32,40,53,57,64	1
5,8,27,35,43,52,66	1
5,8,27,35,47,64	1
5,8,30	1
5,8,30,31,43,79	1
5,8,30,43	1
5,8,30,79	1
5,8,31	1
5,8,31,34,43	1
5,8,31,35,52,53	1
5,8,31,36,51	1
5,8,31,40,43,51	1
5,8,31,43,46,51,79,98	1
5,8,31,46	1
5,8,32	2
5,8,32,36,46	1
5,8,32,40,47,53	1
5,8,32,50,52,66	1
5,8,32,51,61	1
5,8,33,34,60,61	1
5,8,34,43	1
5,8,34,52	1
5,8,35,51,52	1
5,8,36	1
5,8,36,43	1
5,8,36,47,61	1
5,8,36,53	1
5,8,39,43,57,61	1
5,8,39,52,53	1
5,8,40,47	1
5,8,40,57,66	1
5,8,43,50,52,66,79	1
5,8,43,51,75	1
5,8,43,61,66	1
5,8,43,61,66,79	1
5,8,46	1
5,8,51	1
5,8,59	1
5,8,59,66	1
5,8,66	1
5,8,9	3
5,8,9,10,12,31,46,59,61,64	1
5,8,9,10,18,24,31,33,43,51,53,58,59,64,79	1
5,8,9,10,18,25,47,58	1
5,8,9,10,25,53,79	1
5,8,9,12,15,18,30,43,47,52,55,61,75	1
5,8,9,12,15,27,46,51,53,60,61	1
5,8,9,12,15,32,40,51,59,61,66,71	1
5,8,9,12,20,43,52,66	1
5,8,9,12,24,27,35,51,64,71	1
5,8,9,12,24,30,34,52,60	1
5,8,9,12,25,43	1
5,8,9,12,27	1
5,8,9,12,30,43,51,60	1
5,8,9,12,32,34,57,58,66,93	1
5,8,9,12,32,52,53,71,79	1
5,8,9,12,35,43,46,53,61,93	1
5,8,9,12,40	1
5,8,9,12,40,57	1
5,8,9,12,58	1
5,8,9,14,24,25,35,36,51,55,79	1
5,8,9,14,24,26,32,40,47,51,58,75	1
5,8,9,18,26,60	1
5,8,9,18,32,52	1
5,8,9,18,35,40,46	1
5,8,9,24,36,57	1
5,8,9,26	1
5,8,9,27,61,79	1
5,8,9,40	1
5,8,9,53,58,59,61	1
5,9,10,12,20,32	1
5,9,10,20,25,46,53	1
5,9,12	1
5,9,12,15,40	1
5,9,12,18,25,33,36,66	1
5,9,12,18,40,51,52,55,58,98	1
5,9,12,20,24,59,61	1
5,9,12,20,32	1
5,9,12,24,31,59,61	1
5,9,12,24,35,66,71,98	1
5,9,12,24,55,59,61	1
5,9,12,26,53,59,61	1
5,9,12,27,32,40,47	1
5,9,12,33	1
5,9,12,40,43,53,61,64,98	1
5,9,14,18,32,40,46,58	1
5,9,15,26,27,43	1
5,9,18,24,30,32,40,43	1
5,9,18,25,35,36,40	1
5,9,18,27,31,53,57,58,66	1
5,9,18,31,35,53,66,98	1
5,9,18,32,51,53	1
5,9,18,35	1
5,9,18,40	1
5,9,20,25,59	1
5,9,20,27,51	1
5,9,20,32	1
5,9,20,40,43,51,61	1
5,9,20,59	1
5,9,24,60	1
5,9,25,32	1
5,9,32	1
5,9,32,33,34,61	1
5,9,32,36,43,47,53,55	1
5,9,34,53,58	1
5,9,36,43	1
5,9,36,43,58,66,71	1
5,9,50,51	1
5,9,52	1
50,51,52,53,75	1
50,51,53	1
50,51,55	1
50,51,98	2
50,53,57,58	1
50,53,58	1
50,53,60	1
50,53,66	2
50,53,93	1
51,52,53,64,98	1
51,53,60,61	1
51,55,58	1
51,57,58,75	1
51,64,71	1
52,53,59	1
52,60,61,93	1
53,55,60,61,64	1
53,55,93	1
53,59,71	1
53,59,93	1
53,60,61,75	1
55,64,98	1
55,66,79	1
57,58,61,98	1
57,61,79	1
59,60,93	1
59,75,79	1
6,10,12	1
6,10,12,14,57,58	1
6,10,12,15,27,30,32,36,40,43,55,58,64	1
6,10,12,18,24,32,43,58,59	1
6,10,12,18,40,51,52,64,79	1
6,10,12,18,43	1
6,10,12,20,24,26,30,35,39,61	1
6,10,12,25,32,51,55	1
6,10,12,27,30,33,36,43,51	1
6,10,12,27,71	1
6,10,12,32,51,57,61	1
6,10,14,33,52,60,61	1
6,10,15,18,25,32,35,36	1
6,10,18	1
6,10,18,20,25,26,32,35,36	1
6,10,18,25,31,32	1
6,10,18,25,32,36,39	1
6,10,18,25,58,64,79	1
6,10,18,26	2
6,10,18,30,40,51,55,66	1
6,10,18,32,60	1
6,10,18,40,52	1
6,10,27,35,51,53,58,60,61,79	1
6,10,30,36	1
6,10,32,35,43,53,61	1
6,10,32,47,55,59,79	1
6,10,33,43,58	1
6,10,35,40,53	1
6,10,43,64	1
6,10,52	1
6,12,14,24,26,31,43,51	1
6,12,14,43,53,61,66	1
6,12,15,18,24,26,33,35,53,55	1
6,12,15,18,30,43	1
6,12,15,18,31,36	1
6,12,15,20,24,25,26,32,33,35,47,50,51,66,79,93	1
6,12,15,20,40,66	1
6,12,18,24,31,51	1
6,12,18,25,26,43,58	1
6,12,18,25,31,33,58,59,61	1
6,12,18,25,32,50,51,53	1
6,12,18,25,32,60	1
6,12,18,25,55	1
6,12,18,27,51,61,79	1
6,12,18,30,31,33,64,79	1
6,12,18,30,32,34,35,43,46,55,60,64,93	1
6,12,18,31,32,50,53	1
6,12,18,31,40,43	1
6,12,18,31,66	1
6,12,18,32,39,60,98	1
6,12,18,32,43,58,61,64	1
6,12,18,32,50,51	1
6,12,18,33,40,43,51,61	1
6,12,18,43	1
6,12,18,58	1
6,12,18,60	1
6,12,20,24,53,58,59	1
6,12,20,25,32,36,51,53,61,66	1
6,12,20,32,46,61	1
6,12,24	1
6,12,24,25,35,40,43,51,61,64,66,98	1
6,12,24,43	1
6,12,24,61	1
6,12,25	2
6,12,25,27	1
6,12,25,27,36,52,53	1
6,12,25,31,52	1
6,12,25,32,50,51,53	1
6,12,25,35,51,53,64	1
6,12,25,39,60	1
6,12,25,40	1
6,12,25,47,60,61	1
6,12,25,51,53	1
6,12,26	1
6,12,26,30,33,43,51,59	1
6,12,26,32,61,79	1
6,12,26,35,36,61	1
6,12,27,30,52,60,61	1
6,12,27,35,51,52	1
6,12,27,40,43,52,60	1
6,12,27,53	1
6,12,27,58,64	1
6,12,30,36,43,59,60	1
6,12,30,53,59	1
6,12,30,71	1
6,12,31,35,61,93	1
6,12,32,33,39	1
6,12,32,36,39,60	1
6,12,32,39,47,59	1
6,12,32,43,46,58,93	1
6,12,32,51,53	1
6,12,32,51,59,64,75	1
6,12,33,36,43,61,71,79,93,98	1
6,12,33,60,79	1
6,12,34,35,36,50,51,52,55,58,98	1
6,12,34,61,93	1
6,12,35,36,46	1
6,12,35,39	1
6,12,35,53	1
6,12,36,43	1
6,12,36,61	2
6,12,36,66,71	1
6,12,39	1
6,12,39,43,53,60	1
6,12,40,52,55	1
6,12,40,53,60	1
6,12,40,60,61	1
6,12,43	3
6,12,43,46,47,53	1
6,12,43,53	1
6,12,43,59,66,93	1
6,12,47,61	1
6,12,51	1
6,12,51,52,53,57,75	1
6,12,52	1
6,12,59,66	1
6,12,60	2
6,12,60,61	1
6,12,61	1
6,12,61,66	1
6,12,75	1
6,14,18,25,26,32,35,40,52,58,64,66,93	1
6,14,18,26,32,40,58,66	1
6,14,18,66	1
6,14,24,27,53,64	1
6,14,24,27,66	1
6,14,26,53	1
6,14,32	1
6,14,32,36,47,58,64,79	1
6,14,32,40,52,64	1
6,14,32,58	1
6,14,43,61,79	1
6,14,53,57	1
6,15,18,25,32,35	1
6,15,18,26,27,40,51,61,98	1
6,15,18,30,40,43,51,52,59,75	1
6,15,18,32	2
6,15,18,32,36,47,98	1
6,15,18,53	1
6,15,20,24,25,30,43,52,57,59,60	1
6,15,25,30,66,71	1
6,15,25,32,57	1
6,15,35,66,71	1
6,15,61	1
6,15,79	1
6,18,20,32,43,61,66	1
6,18,20,59,79	1
6,18,25	1
6,18,25,26,32,53,64	1
6,18,25,32,40,53	1
6,18,25,32,51	1
6,18,25,50,53	1
6,18,27,30,31,43,50,57,58,64	1
6,18,27,32,60,61	1
6,18,30,33,36	1
6,18,30,36,58	1
6,18,31	1
6,18,32	1
6,18,32,35,40,58	1
6,18,32,40	2
6,18,32,40,51	1
6,18,32,47,50	1
6,18,32,50,53	1
6,18,32,51	1
6,18,32,57,58	1
6,18,32,58	1
6,18,33,98	1
6,18,35	1
6,18,35,36,53	1
6,18,43	1
6,18,43,51,93	1
6,18,46,52	1
6,18,51	3
6,18,52	1
6,18,55	1
6,18,60	1
6,18,60,66	2
6,18,66	2
6,18,79	1
6,20,24,30,32,35	1
6,20,25	1
6,20,25,26,32	1
6,20,25,27,75	1
6,20,32,35,46	1
6,20,32,43,79	1
6,20,34	1
6,20,43,46	1
6,20,46,58	1
6,20,52	1
6,24,25,26,30,35,36,40,46,53,61,66,71	1
6,24,25,31,32,51,53	1
6,24,27,52,53	1
6,24,31,32,40,64,71	1
6,24,43,66	1
6,24,53	1
6,25,27,35,40	1
6,25,30,57,60	1
6,25,31,32,34,35,53,59	1
6,25,32,36	1
6,25,32,61	1
6,25,33,36,64,66,79	1
6,25,34,35,93	1
6,25,35,36	1
6,25,36,79	1
6,25,40,43,52	1
6,25,50,58	1
6,26,60	1
6,27,31,50,52	1
6,27,32,35,75	1
6,27,32,36,43,51,61,66,75,98	1
6,27,34	1
6,27,36	1
6,27,39	1
6,27,47	1
6,27,61	1
6,27,79	1
6,30,32,40	1
6,30,43,61	1
6,30,43,61,79	1
6,30,60,61	1
6,31,40,43,51,58,61	1
6,31,46,98	1
6,31,52	1
6,31,66	1
6,32,33,61	1
6,32,35	1
6,32,35,61,79	1
6,32,36,43,59,75	1
6,32,39	1
6,32,39,58,60	1
6,32,40,53	1
6,32,40,53,79	1
6,32,43	1
6,32,43,47,55,61,98	1
6,32,43,51,52	1
6,32,47	2
6,32,50,64	1
6,32,52,55,59	1
6,32,53	2
6,32,64	1
6,32,64,71	1
6,33,43	1
6,33,61	1
6,34,35,36	1
6,34,51,71	1
6,34,53	1
6,34,60,61	1
6,35,36	1
6,35,36,53,71,79,98	1
6,35,36,61	1
6,35,43	1
6,35,46,57,75	1
6,35,51,53	1
6,35,53	1
6,35,57	1
6,36,53,57	1
6,36,58,79	1
6,36,60,66	1
6,39,40,60	1
6,39,46	1
6,39,60	1
6,40,43	1
6,40,50	1
6,40,51	1
6,40,51,53	1
6,40,53	1
6,40,66	1
6,43,51,52	1
6,43,52,53	1
6,43,60,61	1
6,46,51	1
6,46,51,53,59	1
6,46,58	1
6,46,59	1
6,47,57	1
6,50,60	1
6,50,64,79	1
6,51,53	1
6,51,93	1
6,53,60	1
6,53,79	1
6,58,64	1
6,59,93	1
6,60,61	2
6,7,10,27,40,51,52,58	1
6,7,12,14,15,30,43,53,79	1
6,7,12,18,20,25,35,64,66,75	1
6,7,12,25,50,52,53,58,66	1
6,7,12,32,34,36,43,50	1
6,7,18,25,43,93	1
6,7,20,25,43,61,93	1
6,7,25,31	1
6,7,25,31,40	1
6,7,25,53	1
6,7,26,40,47,71	1
6,7,27,30,52,61	1
6,7,27,39,98	1
6,7,27,51,66,93	1
6,7,31,32,35,53,79	1
6,7,40	1
6,7,43	1
6,7,52	1
6,7,57	1
6,7,59	1
6,7,79,98	1
6,7,8	2
6,7,8,10,12,18,31,40	1
6,7,8,10,15,59	1
6,7,8,10,24,27,34,46,47,58,59,61,66	1
6,7,8,12,14,27,51,55,64,79	1
6,7,8,12,15,25,30,31,32,40,57,75	1
6,7,8,12,15,34,43,51,59,61,98	1
6,7,8,12,18,20,26,32,35,52,58	1
6,7,8,12,18,31,36,43,53,75,93	1
6,7,8,12,20,33,79	1
6,7,8,12,30,31,39	1
6,7,8,12,32,53,64,71,75	1
6,7,8,12,60,64	1
6,7,8,14,18,35,39,53,98	1
6,7,8,15,18,20,30,66,79	1
6,7,8,15,18,35	1
6,7,8,15,61,66	1
6,7,8,18	1
6,7,8,18,20,24,25,31,32,34,52	1
6,7,8,18,25,27,36,47,61	1
6,7,8,18,32,50,51,98	1
6,7,8,20,25,31,79	1
6,7,8,20,25,34,35,46	1
6,7,8,20,35,51,53,58	1
6,7,8,50,58,79	1
6,7,8,9,12,14,24,27,32,34,35,39,40,43,46,58,64,71	1
6,7,9,10,53	1
6,7,9,12,18,24,31,32,40,47,57	1
6,7,9,12,31,39,55,98	1
6,7,9,12,52,61,66	1
6,75,93	1
6,79,93	1
6,8,10,12,14,18,26,32,35,39,50,52,53,66	1
6,8,10,12,15,18,20,27,30,31,34,55,57,59,61,66,79	1
6,8,10,12,15,35	1
6,8,10,12,18,31,40	1
6,8,10,12,27,40,46	1
6,8,10,12,27,64	1
6,8,10,12,30,43,58,61	1
6,8,10,12,32,33,51,52	1
6,8,10,12,39,64	1
6,8,10,14,26,75	1
6,8,10,15,18,31,40	1
6,8,10,15,35,43,52,58,61,66	1
6,8,10,15,43,53	1
6,8,10,18,25,32,33,40,60	1
6,8,10,18,26	1
6,8,10,18,27,43,47,61,93	1
6,8,10,18,59	1
6,8,10,26,27,30,32,55	1
6,8,10,26,30,32,39,43	1
6,8,10,26,39,40,57,60,61,71,93	1
6,8,10,27,30,33,43,58,66	1
6,8,10,35,43,60,61,64	1
6,8,10,35,53,58	1
6,8,10,53	1
6,8,12	3
6,8,12,14,18,20,33,50,75,79	1
6,8,12,14,20	1
6,8,12,14,25,32,35,40,50,52,79	1
6,8,12,14,25,32,39,51,52,61,64	1
6,8,12,14,35,43,53,61,79	1
6,8,12,14,36,43	1
6,8,12,14,43,53,61	1
6,8,12,14,43,55,57	1
6,8,12,15,25,32,43,66,93	1
6,8,12,15,26,27,31,40,47,51,52,64	1
6,8,12,15,33,34,43,93	1
6,8,12,15,33,40,43,66	1
6,8,12,15,71,75	1
6,8,12,15,98	1
6,8,12,18	1
6,8,12,18,20,26,32,36,51	1
6,8,12,18,25,32,34,59	1
6,8,12,18,27,43,71,79	1
6,8,12,18,32,33,51,53,57,58	1
6,8,12,18,33,55,66	1
6,8,12,18,36	1
6,8,12,18,36,39,43,47,59,61	1
6,8,12,18,43	1
6,8,12,18,43,79	1
6,8,12,18,47,61	1
6,8,12,18,57	1
6,8,12,18,58	1
6,8,12,20,25,35,46,79,93	1
6,8,12,20,30,31,32,40,60,66,71	1
6,8,12,20,35,43,79	1
6,8,12,20,35,46,51,79	1
6,8,12,24,27,43,51	1
6,8,12,25	2
6,8,12,25,32,66	1
6,8,12,25,35	1
6,8,12,25,98	1
6,8,12,26,32,35,36,57	1
6,8,12,27,43,47,93	1
6,8,12,30	1
6,8,12,30,32,35,52,61,64,66	1
6,8,12,30,36,52	1
6,8,12,30,36,64,79	1
6,8,12,31,33,36,39,40,43,53,61,64,98	1
6,8,12,32,36,40,52	1
6,8,12,32,40,52	1
6,8,12,32,51	1
6,8,12,32,61	1
6,8,12,35	1
6,8,12,35,39,58,61,79,93	1
6,8,12,35,43	1
6,8,12,35,43,51,52	1
6,8,12,35,50,55,61,79	1
6,8,12,36,53,66	1
6,8,12,39,40,43,47,51	1
6,8,12,39,40,61,66	1
6,8,12,40,53,66,93	1
6,8,12,51	1
6,8,12,61	1
6,8,12,61,93	1
6,8,12,93	1
6,8,14,15,25,32,35,36,52	1
6,8,14,18,24,32,39,53	1
6,8,14,18,35,66	1
6,8,14,18,43,58,66	1
6,8,15	2
6,8,15,18	1
6,8,15,18,27,61	1
6,8,15,18,30,31,43	1
6,8,15,18,36	1
6,8,15,18,66	1
6,8,15,20,25,26,50	1
6,8,15,26,27,35,39,40,52,53,64,71	1
6,8,15,26,33,36,43,58	1
6,8,15,27,34,59,61	1
6,8,15,30,32,36,43	1
6,8,15,31,58,66,71,98	1
6,8,15,34,66,79	1
6,8,15,35,93	1
6,8,15,59,60,61	1
6,8,18,20,25,26,33,35,58	1
6,8,18,24,26,36,40,52,53,58,59,71	1
6,8,18,24,27,30,66,75	1
6,8,18,25	2
6,8,18,25,35	1
6,8,18,26,27,40,60	1
6,8,18,27,43,71	1
6,8,18,30,31,32,43,51,64,98	1
6,8,18,30,36,60	1
6,8,18,31,32,34,35,40,58,71	1
6,8,18,31,36,39,40,51,98	1
6,8,18,31,79	1
6,8,18,32,64,98	1
6,8,18,35,52,93	1
6,8,18,39,40,43,51	1
6,8,18,43	2
6,8,18,43,61	1
6,8,18,47	1
6,8,18,51	1
6,8,18,51,52	1
6,8,18,51,52,53,58,59	1
6,8,18,59	1
6,8,18,66	1
6,8,18,98	1
6,8,20	1
6,8,20,25,32,40,50,51	1
6,8,20,25,32,43,57	1
6,8,20,25,46,75	1
6,8,20,31,43,51,59	1
6,8,20,40,43,52,55	1
6,8,20,46,58	1
6,8,24	1
6,8,24,26,55,66,71	1
6,8,24,27,34,43,66,71	1
6,8,24,30,35,79	1
6,8,24,36	1
6,8,24,64	1
6,8,25	3
6,8,25,27,52,66	1
6,8,25,27,66,93	1
6,8,25,32	1
6,8,25,32,36,39	1
6,8,25,32,51,52	1
6,8,25,33,35,98	1
6,8,25,36	2
6,8,25,50	1
6,8,26	2
6,8,26,31,43,52,55	1
6,8,26,32	1
6,8,26,36,46,47,51,52,66	1
6,8,26,36,52	1
6,8,27,32,53,61	1
6,8,27,36	2
6,8,27,40	1
6,8,27,40,55	1
6,8,27,43	1
6,8,27,51,52,64	1
6,8,27,57,58	1
6,8,30	1
6,8,30,40	1
6,8,30,43	1
6,8,30,52	1
6,8,30,59,75,98	1
6,8,30,71	1
6,8,31,32,43,59	1
6,8,31,52,59	1
6,8,31,58	1
6,8,31,66	1
6,8,32	3
6,8,32,35,53,64	1
6,8,32,35,58,59,98	1
6,8,32,40	1
6,8,32,40,53	1
6,8,32,50	1
6,8,32,55	1
6,8,32,71	1
6,8,34,60	1
6,8,34,61	1
6,8,35,40,51,61	1
6,8,35,55	1
6,8,36,47,58	1
6,8,36,66	1
6,8,39	1
6,8,40,43,52	1
6,8,40,47	1
6,8,43	2
6,8,43,51	1
6,8,43,53,61,66	1
6,8,51	1
6,8,51,60,66	1
6,8,52	1
6,8,52,53	1
6,8,52,58	1
6,8,52,61	1
6,8,53	1
6,8,59,61,75,79	1
6,8,61	1
6,8,61,64	1
6,8,79	1
6,8,9	1
6,8,9,10,12,14,18,24,26,35,39,46,58,64	1
6,8,9,10,12,18,31,32,39,43,52,59	1
6,8,9,10,12,24,27,30,39,40,43,51,98	1
6,8,9,10,12,32,34,35,43,55,59	1
6,8,9,10,12,35,39,57	1
6,8,9,10,15,25,30,33,35,40,43,55,61,64	1
6,8,9,10,18,26,36,47,61	1
6,8,9,10,25,31,32,35,40,52,79	1
6,8,9,10,32,40,51,53,98	1
6,8,9,12,14,15,24,26,33,55,61,93	1
6,8,9,12,14,15,26,39,51,61,64,75	1
6,8,9,12,14,34,59	1
6,8,9,12,15,25,27,30,40,51,57,58,59	1
6,8,9,12,15,31,35,53	1
6,8,9,12,18,32,33,47,61,64	1
6,8,9,12,18,35	1
6,8,9,12,18,43	1
6,8,9,12,32,40,43,51,53,58	1
6,8,9,12,32,59	1
6,8,9,12,40,52	1
6,8,9,12,43	1
6,8,9,12,59,64,93	1
6,8,9,12,75	1
6,8,9,14,18,27,34,39,51,60,61,64,66,98	1
6,8,9,14,20,27,35,36,40,46	1
6,8,9,15,24,27,30	1
6,8,9,15,51	1
6,8,9,18,25,27,51,57,98	1
6,8,9,20,36,52	1
6,8,9,24,26,32,43,57	1
6,8,9,25,35,43,51	1
6,8,9,27,31,40,93	1
6,8,9,27,39,51,71,98	1
6,8,9,27,43	1
6,8,9,27,51	1
6,8,9,30,34,39,43,55,61	1
6,8,9,30,43,50	1
6,8,9,40	1
6,8,9,46,66	1
6,8,9,60,79	1
6,9,10	1
6,9,10,34,36,43,58	1
6,9,12,15,26,32,60	1
6,9,12,15,35,40,52,61	1
6,9,12,18,25,32,35,36,51,52	1
6,9,12,18,25,36,51,66	1
6,9,12,18,30,43,51,55	1
6,9,12,18,43,71	1
6,9,12,27,34,35,61	1
6,9,12,31	1
6,9,12,32,33,50,51,52,60,64,79	1
6,9,12,35,51,53	1
6,9,12,40,47	1
6,9,12,59,66	1
6,9,14,24,32,40,43,60	1
6,9,14,24,66,79	1
6,9,14,40	1
6,9,15	1
6,9,15,18,39,47,53,55,71	1
6,9,18,24,32,36,40,50,51,52,53,71,98	1
6,9,18,25,31,32,36,51	1
6,9,18,39,61,64,79	1
6,9,24,27,31,40,43,47	1
6,9,24,27,32,35,51,57,79	1
6,9,24,32,51	1
6,9,25,32,58,71	1
6,9,25,50,58	1
6,9,26	1
6,9,27,36,53,64	1
6,9,32	1
6,9,43,53,64,66	1
6,9,52	2
6,9,58	1
6,9,58,66,79,98	1
6,9,60	1
6,9,98	1
60,61,66	1
7,10,12	1
7,10,12,18,61	1
7,10,12,24,25,32,35,50	1
7,10,12,43,79	1
7,10,24	1
7,10,25	2
7,10,25,32,52,53,64,66	1
7,10,25,58,71	1
7,10,26,32	1
7,10,26,53	1
7,10,39,52	1
7,10,50,53,55	1
7,12,14,18,20,24,31,71	1
7,12,14,36	1
7,12,15,18,53,59,64,79,93	1
7,12,18,25,33,35,36,39,43,51,60	1
7,12,18,25,36,51,61,66	1
7,12,18,32,51	1
7,12,18,32,51,53,98	1
7,12,18,51,55,93	1
7,12,18,93	1
7,12,25	1
7,12,25,46	1
7,12,31,33,34,51,57,58	1
7,12,31,36,52,59	1
7,12,32	1
7,12,33,43,57,58	1
7,12,43,79	1
7,12,46,53	1
7,12,53,57	1
7,14,18,33	1
7,14,18,46,47	1
7,14,18,53	1
7,14,26,32,51,71	1
7,14,27,61	1
7,14,32,40,46,47	1
7,14,51,53	1
7,15,18,20,31,93	1
7,15,18,32,34,43,71	1
7,15,24,31,40,47,51,64	1
7,15,39,46,51	1
7,18,20,40,52	1
7,18,24	1
7,18,25	2
7,18,25,26,31,32,50,52,53	1
7,18,25,26,32,35,43,53,61,93	1
7,18,25,32	1
7,18,25,32,52	1
7,18,26,50,53,66	1
7,18,27,30,36,53,79	1
7,18,31,39	1
7,18,31,40,51,66	1
7,18,32,34	1
7,18,34	1
7,18,34,50,53	1
7,18,36	1
7,18,40	1
7,18,40,66	1
7,18,46	2
7,18,50,51,53,58,66	1
7,18,51	2
7,18,71	1
7,20,26,27,32,53	1
7,20,27	1
7,20,32	1
7,20,32,57,98	1
7,20,53	1
7,24,25,34,46,75	1
7,24,32,51,53	1
7,24,53,60,61,64	1
7,25,32,34,35,53	1
7,25,32,46,57,60,61	1
7,25,32,50	1
7,25,35,39,53,57	1
7,25,40	1
7,25,50,58	1
7,25,51	1
7,27,32,35,36,40,43,61,64	1
7,27,43,64,79	1
7,30,75	1
7,31,33,34,36,40,66	1
7,31,61	1
7,32,34,52	1
7,32,35,46,79	1
7,32,35,47	1
7,32,35,79	1
7,32,36,39,61	1
7,32,36,50,52,66	1
7,32,36,50,59,75	1
7,32,47	1
7,32,50	1
7,32,51,66	1
7,32,52	1
7,32,52,57,66,75	1
7,33,50,59	1
7,33,53,61	1
7,33,60,79	1
7,34,40	1
7,34,40,50,53	1
7,34,50	1
7,34,53	1
7,34,79	1
7,35,40,52	1
7,35,61,93	1
7,39,51	1
7,40,47	1
7,40,53	1
7,50,51,53	1
7,51,52	1
7,51,53	1
7,51,79	1
7,52,53	1
7,53,55	1
7,53,55,64	1
7,53,66,98	1
7,8,10	1
7,8,10,12,20,25,43,59	1
7,8,10,25,27,36	1
7,8,10,27,47	1
7,8,10,39	1
7,8,12	2
7,8,12,14,15,25,32,34,35,43,46,51,58,61	1
7,8,12,15,18,25,31,51,55	1
7,8,12,15,25	1
7,8,12,15,30,43,66	1
7,8,12,15,58,59,61	1
7,8,12,18,25,34,35	1
7,8,12,18,27,52	1
7,8,12,18,32,58,59	1
7,8,12,18,33,51,61	1
7,8,12,20,24,32,34,35,53	1
7,8,12,20,43,93	1
7,8,12,27,30,35,61,75,79	1
7,8,12,27,52,61,66	1
7,8,12,30,31,59,60,66	1
7,8,12,31,34,43,53,61,98	1
7,8,12,31,57	1
7,8,12,32,35,64,75,98	1
7,8,12,32,50	1
7,8,12,51,59	1
7,8,12,55,59,61	1
7,8,12,59	1
7,8,12,61	1
7,8,14,30,31,32,55,57,61,79	1
7,8,14,31,32,36,43,53,58,79	1
7,8,15,18,25,32	1
7,8,15,18,26,39,53,66	1
7,8,15,24,40,51,52,59,61,79	1
7,8,15,25	1
7,8,15,30,33,34,40,66,71,93	1
7,8,15,31,35,55,58,60	1
7,8,15,34	1
7,8,15,43	1
7,8,18	1
7,8,18,24,25,64,66,93	1
7,8,18,25,31,39,40,43,61	1
7,8,18,26,51	1
7,8,18,30	1
7,8,18,30,75	1
7,8,18,31,36,47,55	1
7,8,18,31,46	1
7,8,18,35	1
7,8,18,36,43	1
7,8,18,36,51	1
7,8,20,25,26,31,47,55	1
7,8,20,32,61,64	1
7,8,20,36,55,57,75	1
7,8,24,57,64,66,71	1
7,8,25,64	1
7,8,26,30,32,36,58,59,60,75	1
7,8,26,32	1
7,8,26,39	1
7,8,26,53	1
7,8,27,98	1
7,8,30,40,52,79	1
7,8,31	1
7,8,31,47,58,61	1
7,8,31,60	1
7,8,32,33,36,50,58,59	1
7,8,32,33,53,58	1
7,8,32,51,71	1
7,8,32,52	1
7,8,33,46	1
7,8,33,59,61	1
7,8,34,36,51,53,58,66	1
7,8,34,43,53,60	1
7,8,34,53,57,58	1
7,8,35,43,53,58,66	1
7,8,36	1
7,8,40,53	1
7,8,43,59	1
7,8,50	1
7,8,51	1
7,8,51,61,98	1
7,8,53	1
7,8,53,58	1
7,8,55	1
7,8,79	2
7,8,9,10,12,14,26,31,34,35,43,47,53,79	1
7,8,9,10,14,24,26,27,39,61,64,71,98	1
7,8,9,12,15,43,61,66,98	1
7,8,9,12,18,33,34,39,59,79	1
7,8,9,12,53,57	1
7,8,9,12,61	1
7,8,9,18,26,40,43	1
7,8,9,18,40,43,51	1
7,8,9,20,25,35	1
7,8,9,33,40	1
7,8,93	1
7,9,12	1
7,9,12,24,34,39,79	1
7,9,12,33,55,98	1
7,9,12,51	1
7,9,14,25,34	1
7,9,15,18,20,32,43	1
7,9,18,43,50	1
7,9,20,24,32,35	1
7,9,20,34,43	1
7,9,58	1
8,10,12	1
8,10,12,14,15,30,32,33,34,40,47,59,61,79	1
8,10,12,14,27,43,47,53,60	1
8,10,12,15,33,51,61,71	1
8,10,12,15,36,40,52,53	1
8,10,12,18,25,36,52	1
8,10,12,18,40,59	1
8,10,12,20,27,32,34,46,79	1
8,10,12,26,43,58,59,75	1
8,10,12,27,40,51,71	1
8,10,12,27,43,58,66	1
8,10,12,33,57	1
8,10,12,34,64	1
8,10,12,43,58,61,66,71,93,98	1
8,10,14,15,35,51	1
8,10,15,27,33	1
8,10,15,61,98	1
8,10,18,51	1
8,10,24,26,27,34,61,75	1
8,10,24,31,53,71	1
8,10,25,30,61,71	1
8,10,25,35,75	1
8,10,26,32,33,51,53,66	1
8,10,26,36,52	1
8,10,27,53	1
8,10,30,33,36,43	1
8,10,30,43	1
8,10,31	1
8,10,31,46,55	1
8,10,32	1
8,10,32,35	1
8,10,32,51	1
8,10,32,61	1
8,10,35,39	1
8,10,35,40,55	1
8,10,36	1
8,10,36,39,43,47,58	1
8,10,46	2
8,10,51,52	1
8,10,52,53	1
8,10,52,59	1
8,10,58	1
8,12,14	1
8,12,14,15,18,20,30,43,52	1
8,12,14,15,18,20,36,39,58,61,93	1
8,12,14,15,18,24,27,33,43,46,52,60,75	1
8,12,14,15,25,26,35,43,64	1
8,12,14,15,26,46,47,51	1
8,12,14,18	1
8,12,14,24	1
8,12,14,27,33	1
8,12,14,27,36,79	1
8,12,14,30,59	1
8,12,14,32,43,52,53,66,75	1
8,12,14,35	1
8,12,14,35,40,53	1
8,12,14,35,46,51,59,61,64,71	1
8,12,14,46,79	1
8,12,14,57	1
8,12,15,18,20,43,50,58,59,66,79,93	1
8,12,15,18,24,26,30,32,35,36,40,43,51,52,58,60,98	1
8,12,15,18,24,32,40,43,47,58,59,61,66	1
8,12,15,18,30,66	1
8,12,15,20,30,51,55,66	1
8,12,15,24,26,32	1
8,12,15,25,34,35,43,79	1
8,12,15,25,43	1
8,12,15,27,33,39,43,55,66,75,79,93	1
8,12,15,27,40,66	1
8,12,15,31,36,47,50,52,57,59	1
8,12,15,35,51	1
8,12,15,36	1
8,12,15,40,55	1
8,12,15,47,66	1
8,12,15,79	1
8,12,18	4
8,12,18,20,25,32,33,35,59,61,66	1
8,12,18,20,32,35	1
8,12,18,24,25,26,32,51,53,64,66	1
8,12,18,24,40,43,61,93	1
8,12,18,25,32,40,43,47	1
8,12,18,25,36,43	1
8,12,18,25,43	1
8,12,18,27,31,36,55,60,64,93	1
8,12,18,27,32,33,34,58	1
8,12,18,27,33,36	1
8,12,18,27,33,66	1
8,12,18,27,36,39,46,47,59,61,93	1
8,12,18,27,61,66	1
8,12,18,30	1
8,12,18,30,31,66	1
8,12,18,30,32,35,43,52,53,66	1
8,12,18,30,33,59,60	1
8,12,18,30,55,59	1
8,12,18,31,40,52,53,60,66	1
8,12,18,32,34,43	1
8,12,18,32,36,52,57	1
8,12,18,32,43,53	1
8,12,18,32,43,61,79,93	1
8,12,18,33,35,43,50,51,59	1
8,12,18,33,40,79	1
8,12,18,33,43,58,61	1
8,12,18,33,51,61,66	1
8,12,18,34	1
8,12,18,35,59	1
8,12,18,39,43,51,79,93,98	1
8,12,18,43	1
8,12,18,43,53,98	1
8,12,18,43,55	1
8,12,18,43,98	1
8,12,18,51,53	1
8,12,18,52,58	1
8,12,18,53	1
8,12,18,53,61	1
8,12,18,55	1
8,12,18,59	1
8,12,18,59,71,79	1
8,12,20,25	1
8,12,20,25,27,31,35,43,55,66,98	1
8,12,20,25,32,58	1
8,12,20,25,43	1
8,12,20,30	1
8,12,20,30,34,35,36,43,59,66	1
8,12,20,31,32,34	1
8,12,20,36	1
8,12,20,40,61	1
8,12,20,43	1
8,12,20,43,51	1
8,12,20,93	1
8,12,24	3
8,12,24,25,61	1
8,12,24,26,31,39,46,47,55,61	1
8,12,24,27,31,53,66	1
8,12,24,32	1
8,12,24,32,35,40	1
8,12,24,32,36	1
8,12,24,33,39,51,55,61	1
8,12,24,51,98	1
8,12,25	1
8,12,25,30,34,66,71,75	1
8,12,25,32,35,36,46	1
8,12,25,32,40,51,61,66	1
8,12,25,33,36,50,58,75	1
8,12,25,33,59	1
8,12,25,39,43,52	1
8,12,25,43,57,58,79,93	1
8,12,26	1
8,12,26,32	1
8,12,26,32,50,55	1
8,12,26,35	1
8,12,26,43,79,98	1
8,12,26,52,59,79	1
8,12,26,53	1
8,12,27	2
8,12,27,30,32,35,43,66	1
8,12,27,31	1
8,12,27,31,33,46	1
8,12,27,31,33,51	1
8,12,27,32,36,51	1
8,12,27,34,36,66,79	1
8,12,27,43,60	1
8,12,27,46,61,79	1
8,12,27,47,58	1
8,12,27,57,66	1
8,12,30	2
8,12,30,31,60	1
8,12,30,32,33,43,61	1
8,12,30,32,43,59,79	1
8,12,30,33,79	1
8,12,30,40,46,52,53	1
8,12,30,43	1
8,12,30,43,57,66	1
8,12,30,47,52	1
8,12,30,71	1
8,12,31,33,36,43,52,59,66	1
8,12,31,61	1
8,12,32	3
8,12,32,33,52,93	1
8,12,32,36	1
8,12,32,36,40	1
8,12,32,40,52,59	1
8,12,32,43	1
8,12,32,43,47,51,53,64	1
8,12,32,43,51	1
8,12,32,43,93	1
8,12,32,46,50	1
8,12,32,53	1
8,12,32,53,61	1
8,12,32,55,66,79	1
8,12,32,58,79	1
8,12,32,59,60,61	1
8,12,33	2
8,12,33,40	1
8,12,33,40,50,66	1
8,12,33,43,46,51	1
8,12,33,43,52,66,79	1
8,12,33,52,93	1
8,12,33,71,79	1
8,12,34	1
8,12,34,40,52,59	1
8,12,34,40,59,98	1
8,12,34,43	1
8,12,34,50,55,75	1
8,12,34,52,57,61,71,75	1
8,12,35	1
8,12,35,51	1
8,12,35,59	1
8,12,36	1
8,12,36,40,43,52	1
8,12,36,43,51,75	1
8,12,36,43,55	1
8,12,36,43,61,79	1
8,12,39	1
8,12,39,43	1
8,12,39,43,53,61	1
8,12,40,43,53	1
8,12,40,43,59,61,66	1
8,12,40,43,59,66	1
8,12,40,46	1
8,12,40,46,51,52,53	1
8,12,40,47,53	1
8,12,40,47,55,60	1
8,12,43	4
8,12,43,53,58,59,93	1
8,12,43,55,98	1
8,12,43,59	1
8,12,43,64	1
8,12,43,79	1
8,12,43,93	1
8,12,46	1
8,12,46,52,61,71,93,98	1
8,12,46,53,57,66,71	1
8,12,46,79	1
8,12,47	1
8,12,47,55,58,66,93	1
8,12,50	1
8,12,50,52	1
8,12,51	1
8,12,51,53,79	1
8,12,52	3
8,12,52,58	2
8,12,55	1
8,12,58	1
8,12,59	1
8,12,59,66	1
8,12,59,75	1
8,12,60,61	2
8,12,61	1
8,12,64	1
8,12,66	1
8,12,71	1
8,12,71,79	2
8,12,75	1
8,12,79	1
8,14,15,18,27,52	1
8,14,18,24,51,55,79	1
8,14,18,25,61	1
8,14,18,26,64	1
8,14,18,27	1
8,14,18,32,46,47,51	1
8,14,18,43,47,55	1
8,14,18,66	1
8,14,20,26,32,46,52,53	1
8,14,24	1
8,14,24,35	1
8,14,24,35,47,51,60,61	1
8,14,25,26,32,40,58,64	1
8,14,25,31,33,35,43,46,51,59,61,79,98	1
8,14,26	2
8,14,26,32,34,59	1
8,14,27,39,47	1
8,14,32,34,39,47	1
8,14,33,46	1
8,14,33,53	1
8,14,34,40,55	1
8,14,35,79	1
8,14,40	1
8,14,40,46,61	1
8,14,40,64	1
8,14,43	2
8,14,46,53	1
8,14,58,61,75	1
8,14,71	1
8,14,98	1
8,15,18	3
8,15,18,20	1
8,15,18,20,30	1
8,15,18,25,30,36,43,51,59,60	1
8,15,18,26,27,32,43	1
8,15,18,30,40,57	1
8,15,18,40,52,59,79	1
8,15,18,40,57,59,93	1
8,15,18,43,46,60	1
8,15,18,43,61,71	1
8,15,18,64	1
8,15,20,25	2
8,15,20,25,27,53,79	1
8,15,20,25,30,31,43,55	1
8,15,20,34	1
8,15,20,43,75,93	1
8,15,24,26,31,32,33,35,40,71,79	1
8,15,24,33,59	1
8,15,25,26,27,32,58,59,93	1
8,15,25,27,30	1
8,15,25,32,43,50	1
8,15,25,32,43,57,66	1
8,15,25,35,43,61,75	1
8,15,25,46,66	1
8,15,25,53,60,61,66	1
8,15,26,27,31,34,46,55,75	1
8,15,26,30,43,51,53,55,59,64	1
8,15,26,32	1
8,15,26,32,33,35,51,60,61	1
8,15,27	1
8,15,27,31,43,52,66	1
8,15,27,33,36,66	1
8,15,27,36,61	1
8,15,27,40,51,53,55	1
8,15,31,35,40,51,64	1
8,15,31,64	1
8,15,32,36,40,52	1
8,15,33,43,58,60,61	1
8,15,33,51	1
8,15,34	1
8,15,34,43,53,66,75	1
8,15,35	1
8,15,36	1
8,15,36,43,55	1
8,15,43,46	1
8,15,43,51	1
8,15,55	1
8,15,60,66	1
8,15,61,79	1
8,15,66	1
8,15,79	1
8,15,93	1
8,18,20	2
8,18,20,25,52	1
8,18,20,31,51,59,66,93,98	1
8,18,20,51	1
8,18,20,51,52,98	1
8,18,20,55,79	1
8,18,20,58	1
8,18,20,59	1
8,18,20,71	1
8,18,24	1
8,18,24,27,32,43,59,61	1
8,18,24,33,35,61	1
8,18,24,35	1
8,18,24,43,79	1
8,18,25	4
8,18,25,27,35	1
8,18,25,30,32,40,43,50,75	1
8,18,25,30,43,47,75,93	1
8,18,25,32,34	1
8,18,25,40,47,98	1
8,18,25,40,51,53	1
8,18,25,46,55,61	1
8,18,25,58	1
8,18,25,71	1
8,18,26	3
8,18,26,30,35,36,47	1
8,18,26,30,36,40,47,53,57	1
8,18,26,32,33,34,43,47,58,59,61,71	1
8,18,26,34,35,64	1
8,18,26,35,51,53,71	1
8,18,26,36,46	2
8,18,26,36,47	1
8,18,26,40,47,53,59	1
8,18,27	1
8,18,27,30,33,59	1
8,18,27,30,40,59	1
8,18,27,32,53,55,58,64,75	1
8,18,27,40,43,58	1
8,18,27,43,60,66	1
8,18,27,55,57,58	1
8,18,30,31	1
8,18,30,35,40,51	1
8,18,31	1
8,18,31,32,40	1
8,18,31,36	1
8,18,31,51,75	1
8,18,31,53	1
8,18,32	1
8,18,32,33,39,43	1
8,18,32,34,40	1
8,18,32,35,39,61,64,71,98	1
8,18,32,40,51,59	1
8,18,32,47,61	1
8,18,32,50,53	1
8,18,32,53,60	1
8,18,32,66	1
8,18,33	3
8,18,33,34	1
8,18,33,36,43	1
8,18,33,43,52	1
8,18,33,43,59	1
8,18,34,50,51,53	1
8,18,35,40,46,55,71	1
8,18,35,51,66	1
8,18,35,51,66,79	1
8,18,35,66	1
8,18,36	3
8,18,36,40	1
8,18,36,40,43,52,66,71,93	1
8,18,36,40,64	1
8,18,36,40,79	1
8,18,36,43	1
8,18,36,47,71	1
8,18,36,58	1
8,18,36,59	1
8,18,36,61	1
8,18,40	4
8,18,43	3
8,18,43,51,61	1
8,18,43,55,79	1
8,18,43,59,79	1
8,18,47,64,71	1
8,18,50	2
8,18,50,51	1
8,18,51	4
8,18,51,53	1
8,18,51,55,57,75	1
8,18,51,55,64	1
8,18,52	1
8,18,52,53,66	1
8,18,52,75	1
8,18,53	3
8,18,53,61	1
8,18,53,75	1
8,18,53,98	1
8,18,55,93	1
8,18,57,58	1
8,18,57,58,59	1
8,18,58	2
8,18,61	1
8,18,66,98	1
8,18,71	2
8,20,24,26,31,40,66	1
8,20,24,71	1
8,20,25	3
8,20,25,26	1
8,20,25,30,57,59,66	1
8,20,25,34	1
8,20,25,36	1
8,20,25,66,71	1
8,20,27,32	1
8,20,27,50,64	1
8,20,27,51	1
8,20,31,35,51,58	1
8,20,31,53,58	1
8,20,32,40,58,64	1
8,20,32,40,59,71	1
8,20,32,57	1
8,20,32,64	1
8,20,33,36,52,59,79	1
8,20,36	1
8,20,36,52	1
8,20,36,52,53,57	1
8,20,40,43,52,58,60,61,71	1
8,20,51	1
8,20,51,64	1
8,20,52	1
8,20,52,53,71,98	1
8,20,57	1
8,20,58	1
8,20,59,61	1
8,20,79	1
8,20,93	1
8,24,25	1
8,24,25,32	1
8,24,25,32,35,46,53,55,71	1
8,24,25,32,35,53,71	1
8,24,25,32,36	1
8,24,27,30,58	1
8,24,30	1
8,24,31,52	1
8,24,31,53,64	1
8,24,32,43,47,57	1
8,24,33	1
8,24,34	1
8,24,34,35,52,55	1
8,24,36	1
8,24,36,71	1
8,24,40	1
8,24,40,59	1
8,24,43,51,55,66	1
8,24,43,52,53	1
8,24,43,66	1
8,24,46	1
8,24,51	1
8,24,59	1
8,24,61,66	1
8,24,71	1
8,25,26	1
8,25,26,32,35,64,71	1
8,25,27	2
8,25,27,30,32,33,40,46,47,52,58	1
8,25,27,32,34,50,98	1
8,25,30,31,33,40,52	1
8,25,30,33,36	1
8,25,31	2
8,25,32	2
8,25,32,36	1
8,25,32,40,53,57	1
8,25,32,50	2
8,25,32,53,66	1
8,25,32,53,66,98	1
8,25,32,58,59	1
8,25,32,58,61	1
8,25,32,61,66	1
8,25,34,55	1
8,25,35	2
8,25,35,43	1
8,25,36	5
8,25,36,40	1
8,25,36,51,52	1
8,25,40,57	1
8,25,40,61	1
8,25,43	1
8,25,43,93	2
8,25,47	1
8,25,51,57	1
8,25,55,79,93	1
8,25,58	2
8,25,58,71,98	1
8,25,59,64,79	1
8,25,64	1
8,25,66	1
8,25,79	1
8,26,27,32,34,35,43,51,52,57,58,59,60,79	1
8,26,31,32,43,59,93	1
8,26,32,40,60,61	1
8,26,32,53	1
8,26,32,58	1
8,26,36,52	1
8,26,36,53	1
8,26,52,57	1
8,26,60	1
8,27,30,33,34,43,46,61,75	1
8,27,30,33,59,61	1
8,27,31,32,35,39,43,53,75,93	1
8,27,32	2
8,27,32,53	1
8,27,32,93	1
8,27,35,36,40	1
8,27,35,43,79	1
8,27,36	2
8,27,36,64	1
8,27,39,51,61	1
8,27,40	1
8,27,40,43	1
8,27,40,47	1
8,27,43	1
8,27,43,61	1
8,27,50,55	1
8,27,51	2
8,27,52	1
8,27,53,64	1
8,27,55,64	1
8,27,58,71	1
8,27,59,61	1
8,27,61	1
8,27,64,71	1
8,30,31	2
8,30,32,40,43,47	1
8,30,33,35,61	1
8,30,34,50,58,59,79	1
8,30,35,46,47,59,66	1
8,30,36,52	1
8,30,40	2
8,30,40,51	1
8,30,43	2
8,30,43,52,60,64	1
8,30,43,60,61	1
8,30,46,50,75	1
8,30,51	1
8,30,58,93	1
8,30,79	1
8,30,98	1
8,31,32	1
8,31,32,40,59	1
8,31,33,43,66	1
8,31,35,79	1
8,31,39	1
8,31,40	1
8,31,52,53	1
8,31,53,79	1
8,31,57	1
8,31,79	1
8,31,93	1
8,32,33,43,93	1
8,32,34,40,46	1
8,32,34,40,57	1
8,32,34,43	1
8,32,34,60	1
8,32,35,36,66	1
8,32,35,43,61,66	1
8,32,35,53	1
8,32,36	3
8,32,36,50	1
8,32,36,51,55,71	1
8,32,39,53	1
8,32,40	4
8,32,40,43,51	1
8,32,40,51,64	1
8,32,40,52	1
8,32,40,55	1
8,32,43	1
8,32,43,53,57,59	1
8,32,43,61	1
8,32,46,50,59	1
8,32,50	1
8,32,50,53,66	1
8,32,51	1
8,32,51,52	1
8,32,52	1
8,32,53	2
8,32,55	1
8,32,58	1
8,32,61,66	1
8,33,34,52,79	1
8,33,35,39,43,52	1
8,33,36,43,66	1
8,33,40,43	1
8,33,43	1
8,33,43,75	2
8,33,52,58,66	1
8,33,61	1
8,34,36,40	1
8,34,36,40,59	1
8,34,52	2
8,34,57,66,93	1
8,35,36	1
8,35,36,40,52,98	1
8,35,36,43,47,50,53,57	1
8,35,36,60,61	1
8,35,40,47	1
8,35,40,50	1
8,35,43,47,53,75	1
8,35,43,51	1
8,35,46,47,50,61	1
8,35,46,60	1
8,35,51,58	1
8,35,51,61	1
8,35,52	1
8,35,53	2
8,35,59	1
8,35,59,60,61,64	1
8,35,75	1
8,36,40	4
8,36,43	2
8,36,43,55,61	1
8,36,43,57,59,66	1
8,36,43,66	1
8,36,47	1
8,36,52	3
8,36,52,66,93,98	1
8,36,59	1
8,36,60,61	1
8,36,66	2
8,39,52,61	1
8,39,64	1
8,39,66	1
8,40,43,55	1
8,40,46,51	1
8,40,51,52	1
8,40,51,53,55	1
8,40,51,59	1
8,40,51,98	1
8,40,52	2
8,40,52,66	1
8,40,53,59	1
8,40,53,75	1
8,40,55	1
8,40,59	1
8,40,66	1
8,40,66,71,75	1
8,40,75,93	1
8,40,79	1
8,43,47,53,58,61,75	1
8,43,52,53,58	1
8,43,53,59	1
8,43,53,60,61	1
8,43,55	1
8,43,59,61	1
8,43,59,66,98	1
8,43,60	1
8,43,61,93	1
8,43,66	1
8,46,55	1
8,46,58	1
8,47,58	1
8,47,61	1
8,50,51	1
8,50,53,57,93	1
8,50,64	1
8,51,52	1
8,52,64	1
8,52,66	1
8,53,55,98	1
8,53,59	1
8,55,61	1
8,59,61	1
8,59,64	1
8,59,79	1
8,59,98	1
8,60,61,66	1
8,64,75	1
8,66,75	1
8,9,10,12,43,52,55,61	1
8,9,10,15,20,26,43,51,57,64,66,75,93	1
8,9,10,15,25,36	1
8,9,10,15,53,66	1
8,9,10,18,26	1
8,9,10,18,39,52,66	1
8,9,10,24,30,51,52,57	1
8,9,12	1
8,9,12,14,15,31,32,40	1
8,9,12,15,27,31,33,40,55,61	1
8,9,12,15,27,39,52,55,57,59,61,64,66,71	1
8,9,12,15,40,57,58,61,98	1
8,9,12,18,24,26,31,40,47,55,59	1
8,9,12,18,25,32,60	1
8,9,12,18,30,32,40	1
8,9,12,18,30,79	1
8,9,12,18,31,34,71,79	1
8,9,12,18,36,43,50,52	1
8,9,12,18,51,58	1
8,9,12,24,25,27,32,34,59	1
8,9,12,26,34,40,59,75	1
8,9,12,26,34,79	1
8,9,12,27,53,58,61	1
8,9,12,27,55	1
8,9,12,30,33,46,60,61,66	1
8,9,12,31	1
8,9,12,31,32,39,43	1
8,9,12,31,32,51,55,64,66	1
8,9,12,31,40,43,53,59,60	1
8,9,12,32,33,35,43,52,53,55,59	1
8,9,12,33,39,46,51,55,60,64,66	1
8,9,12,35,43,55,59,61,64,66,93	1
8,9,12,39	1
8,9,12,40,66	1
8,9,12,43	2
8,9,12,43,60,61	1
8,9,12,53,66,79	1
8,9,12,61	1
8,9,12,79	2
8,9,14,15,26,35,43,51,52,66	1
8,9,14,18,24,32,33,35,46,47,51,61,64,66	1
8,9,14,25,66	1
8,9,15,34,46,64,66	1
8,9,15,36,61	1
8,9,15,51,60,61	1
8,9,18	1
8,9,18,26	1
8,9,18,31	1
8,9,18,32,51,53	1
8,9,18,32,51,75	1
8,9,18,34	1
8,9,18,36,71	1
8,9,18,39,64	1
8,9,18,47	1
8,9,20,24,25,32,34,51,75	1
8,9,20,30,43	1
8,9,20,35,52,53	1
8,9,20,43	1
8,9,24,25,35,66	1
8,9,24,35,43,58,61	1
8,9,24,66	1
8,9,25	1
8,9,25,27,40	1
8,9,25,79	1
8,9,26,43,51,55	1
8,9,26,55	1
8,9,27	1
8,9,27,40,43,60,61,79	1
8,9,27,53,55	1
8,9,27,61	1
8,9,30,36,43,59	1
8,9,31,32	1
8,9,31,36,51,52,57,59,66,93	1
8,9,32	2
8,9,32,36	1
8,9,32,43,51	1
8,9,32,66	1
8,9,33,43,66,79	1
8,9,35	1
8,9,36	1
8,9,39,59	1
8,9,40,47,53	1
8,9,40,57,58	1
8,9,43,66	1
8,9,43,79	1
8,9,51	1
8,9,51,53,58,79,98	1
8,9,58,79	1
8,9,61	2
8,9,66	2
8,9,93	1
9,10,12,18,39	1
9,10,12,20,40,71	1
9,10,12,35,43,66	1
9,10,18	1
9,10,18,27,52,55,64	1
9,10,18,39	1
9,10,24,31,34,35,52,60,71,79,98	1
9,12,14,15,33,79	1
9,12,14,35,39,52,79	1
9,12,15,18,24,32,71,75	1
9,12,18,25,46,93	1
9,12,18,26,31,51	1
9,12,18,30,55,58,60	1
9,12,18,39,58	1
9,12,18,61,98	1
9,12,20,31,32	1
9,12,24,25,51,53,71,93	1
9,12,24,32,35,39,40,59	1
9,12,25,61,75	1
9,12,27,31,39,43	1
9,12,31,32,34,40,46,59	1
9,12,32,52	1
9,12,32,52,64	1
9,12,35	2
9,12,35,52	1
9,12,39,51,55,79	1
9,12,40,43,46	1
9,12,40,43,79,93	1
9,12,43	1
9,12,43,55	1
9,12,46,51,58	1
9,12,47,93	1
9,12,50	1
9,12,51,52,57,75	1
9,12,61,75	1
9,12,79	1
9,14,26,58	1
9,15,18,25,98	1
9,15,18,26	1
9,15,24	1
9,15,24,31,51,52,59	1
9,15,25	1
9,15,26,27	1
9,15,32,51,52	1
9,18,24,40,52,64,66	1
9,18,25,31	1
9,18,25,32	1
9,18,25,32,36	1
9,18,32	1
9,18,32,35,40,46,50,51,57	1
9,18,32,36,43,79	1
9,18,32,47,58	1
9,18,32,51	1
9,18,33,34,51	1
9,18,34,36	1
9,18,35,36,39,43,79	1
9,18,36,39	1
9,18,40,64	1
9,18,43,50	1
9,18,50	1
9,18,50,53,98	1
9,18,53	1
9,20,25,32,35	1
9,20,25,32,51,75	1
9,20,25,33,53	1
9,20,26,32,47,50	1
9,20,26,53	1
9,20,27,32,57	1
9,20,36,51,93	1
9,20,43,51	1
9,20,55	1
9,25,26,31	1
9,25,26,53	1
9,25,30,43,53	1
9,25,31,51	1
9,25,32,35,36,50	1
9,25,32,35,53	1
9,25,32,46,79	1
9,25,35,61	1
9,25,36	1
9,25,51	1
9,25,53	1
9,25,58	1
9,25,79	1
9,26,31,32,35,46,52,53,93	1
9,27,32,50,51,53	1
9,27,43	1
9,30,55	1
9,30,59	1
9,31,33,43,53,61,66,93	1
9,31,35,79	1
9,31,36	1
9,31,36,47,52	1
9,31,59	1
9,31,66,71	1
9,32,33	1
9,32,39	1
9,32,50	1
9,32,53	1
9,33,79	1
9,35,40,43,58,79	1
9,35,43	1
9,36,40,66,71	1
9,36,40,98	1
9,36,51	1
9,40,51	1
9,40,57	1
9,43,46,79	1
9,47,50	1
9,50,53	1
9,51,61	1
9,51,71	1
9,52,59,79	1
9,53,75	1
