1	814
10	390
101	112
106	168
110	130
118	115
12	1903
122	103
124	254
126	118
13	101
130	109
14	368
140	101
15	545
18	1809
19	329
2	174
20	792
22	170
24	414
25	1087
26	488
27	524
28	171
29	173
3	576
30	516
31	580
32	1715
33	422
34	333
35	711
36	785
37	128
38	269
39	275
40	875
41	163
42	189
43	1072
44	106
46	372
47	378
48	294
5	1032
50	764
51	924
52	638
53	969
54	256
55	327
57	324
58	515
59	567
6	1372
60	327
61	705
63	220
64	365
66	624
67	110
68	279
69	241
7	571
70	229
71	256
73	174
74	176
75	276
76	207
78	246
79	473
8	2513
80	148
81	140
83	189
86	299
88	102
9	744
90	106
91	279
92	106
93	305
94	160
95	187
98	241
99	148
