1,10,12	29
1,10,18	12
1,10,25	10
1,10,30	10
1,10,35	13
1,10,43	13
1,10,51	11
1,10,61	16
1,10,66	18
1,12,106	15
1,12,124	12
1,12,14	19
1,12,140	10
1,12,15	45
1,12,16	11
1,12,18	59
1,12,19	15
1,12,20	25
1,12,22	10
1,12,24	20
1,12,25	50
1,12,26	27
1,12,27	31
1,12,28	17
1,12,30	33
1,12,31	29
1,12,32	41
1,12,33	35
1,12,34	24
1,12,35	47
1,12,36	37
1,12,39	16
1,12,40	32
1,12,41	12
1,12,42	11
1,12,43	102
1,12,46	15
1,12,47	15
1,12,48	16
1,12,50	13
1,12,51	44
1,12,52	34
1,12,53	29
1,12,54	13
1,12,55	19
1,12,57	23
1,12,58	26
1,12,59	33
1,12,60	17
1,12,61	56
1,12,63	17
1,12,64	19
1,12,66	44
1,12,67	10
1,12,69	17
1,12,70	16
1,12,71	14
1,12,73	16
1,12,74	17
1,12,75	25
1,12,79	32
1,12,91	13
1,12,92	11
1,12,93	35
1,12,94	21
1,12,98	14
1,14,43	10
1,14,58	12
1,14,66	10
1,15,18	19
1,15,20	13
1,15,25	19
1,15,27	12
1,15,32	16
1,15,33	15
1,15,35	12
1,15,36	14
1,15,43	26
1,15,51	16
1,15,52	11
1,15,55	12
1,15,57	12
1,15,58	11
1,15,61	23
1,15,66	17
1,15,79	17
1,15,94	11
1,16,43	10
1,18,20	17
1,18,25	31
1,18,26	15
1,18,27	16
1,18,28	11
1,18,30	26
1,18,31	20
1,18,32	33
1,18,33	20
1,18,34	11
1,18,35	18
1,18,36	23
1,18,39	13
1,18,40	30
1,18,43	34
1,18,50	10
1,18,51	25
1,18,52	16
1,18,53	16
1,18,55	13
1,18,58	15
1,18,60	11
1,18,61	28
1,18,63	13
1,18,66	24
1,18,75	11
1,18,79	15
1,18,93	15
1,18,98	10
1,19,25	11
1,19,35	11
1,2,12	10
1,2,8	13
1,20,25	22
1,20,32	16
1,20,35	13
1,20,43	17
1,20,51	12
1,20,61	10
1,20,75	10
1,24,43	11
1,24,53	10
1,24,61	12
1,25,26	13
1,25,27	13
1,25,30	12
1,25,32	27
1,25,35	20
1,25,36	15
1,25,40	11
1,25,43	33
1,25,51	20
1,25,52	13
1,25,53	10
1,25,57	11
1,25,58	18
1,25,59	11
1,25,60	11
1,25,61	14
1,25,63	10
1,25,66	16
1,25,70	10
1,25,93	14
1,25,94	13
1,26,32	20
1,26,35	15
1,26,40	16
1,26,43	17
1,26,48	14
1,26,51	15
1,26,53	16
1,26,57	12
1,26,58	13
1,27,32	11
1,27,35	14
1,27,40	10
1,27,43	21
1,27,51	16
1,27,52	10
1,27,57	10
1,27,61	19
1,27,66	13
1,28,30	10
1,28,34	10
1,28,43	10
1,28,61	10
1,3,10	11
1,3,12	25
1,3,15	15
1,3,18	16
1,3,25	11
1,3,27	10
1,3,28	10
1,3,30	11
1,3,32	14
1,3,34	15
1,3,36	12
1,3,40	11
1,3,43	20
1,3,5	17
1,3,51	15
1,3,52	10
1,3,6	26
1,3,61	13
1,3,66	16
1,3,79	11
1,3,8	29
1,3,9	15
1,30,32	13
1,30,35	15
1,30,36	10
1,30,43	38
1,30,51	14
1,30,52	11
1,30,53	11
1,30,58	10
1,30,60	10
1,30,61	13
1,30,66	14
1,31,33	10
1,31,43	17
1,31,51	12
1,31,52	10
1,31,59	10
1,31,61	15
1,31,66	15
1,31,79	11
1,32,33	12
1,32,34	13
1,32,35	33
1,32,36	21
1,32,40	20
1,32,43	30
1,32,48	14
1,32,50	15
1,32,51	32
1,32,52	17
1,32,53	22
1,32,57	10
1,32,58	17
1,32,59	11
1,32,60	14
1,32,61	16
1,32,66	19
1,32,79	15
1,33,43	30
1,33,51	13
1,33,58	10
1,33,59	10
1,33,61	15
1,33,66	20
1,33,79	10
1,34,43	11
1,34,61	13
1,34,66	15
1,35,40	15
1,35,43	34
1,35,48	13
1,35,51	21
1,35,52	16
1,35,53	17
1,35,57	11
1,35,58	18
1,35,59	12
1,35,60	11
1,35,61	14
1,35,63	13
1,35,64	10
1,35,66	16
1,35,69	13
1,35,75	13
1,35,79	19
1,36,40	14
1,36,43	19
1,36,51	16
1,36,58	10
1,36,61	14
1,40,43	17
1,40,51	19
1,40,52	11
1,40,53	11
1,40,58	15
1,40,61	17
1,40,66	15
1,40,79	10
1,43,106	10
1,43,124	11
1,43,47	13
1,43,51	29
1,43,52	25
1,43,53	18
1,43,55	10
1,43,57	14
1,43,58	23
1,43,59	25
1,43,60	15
1,43,61	33
1,43,63	12
1,43,64	12
1,43,66	24
1,43,69	10
1,43,70	15
1,43,71	10
1,43,74	10
1,43,75	21
1,43,79	26
1,43,93	17
1,43,94	16
1,46,53	10
1,46,58	10
1,46,61	12
1,48,53	13
1,5,10	16
1,5,12	89
1,5,14	11
1,5,15	20
1,5,18	43
1,5,19	12
1,5,24	10
1,5,25	41
1,5,26	20
1,5,27	23
1,5,30	20
1,5,31	13
1,5,32	34
1,5,33	16
1,5,34	10
1,5,35	39
1,5,36	19
1,5,39	12
1,5,40	26
1,5,43	56
1,5,48	12
1,5,51	24
1,5,52	25
1,5,53	23
1,5,57	17
1,5,58	28
1,5,59	10
1,5,6	62
1,5,60	15
1,5,61	31
1,5,63	18
1,5,64	11
1,5,66	23
1,5,68	11
1,5,7	13
1,5,70	10
1,5,71	12
1,5,75	13
1,5,79	16
1,5,8	89
1,5,9	55
1,5,91	12
1,5,93	16
1,5,94	12
1,5,98	11
1,50,53	10
1,51,52	20
1,51,57	13
1,51,58	13
1,51,59	11
1,51,60	14
1,51,61	23
1,51,66	20
1,51,69	14
1,51,79	15
1,52,53	17
1,52,58	12
1,52,61	10
1,52,66	14
1,52,79	10
1,52,93	11
1,53,58	11
1,53,61	12
1,53,66	14
1,57,58	12
1,57,61	14
1,58,61	15
1,58,66	11
1,58,79	13
1,59,61	14
1,59,66	10
1,6,10	18
1,6,106	11
1,6,12	75
1,6,124	15
1,6,14	13
1,6,15	30
1,6,18	57
1,6,19	14
1,6,20	12
1,6,24	13
1,6,25	40
1,6,26	20
1,6,27	30
1,6,28	10
1,6,30	19
1,6,31	17
1,6,32	41
1,6,33	27
1,6,34	13
1,6,35	33
1,6,36	26
1,6,39	13
1,6,40	29
1,6,43	48
1,6,47	11
1,6,48	13
1,6,51	38
1,6,52	29
1,6,53	23
1,6,55	15
1,6,57	18
1,6,58	26
1,6,59	18
1,6,60	18
1,6,61	45
1,6,64	13
1,6,66	29
1,6,69	14
1,6,7	11
1,6,70	17
1,6,71	12
1,6,75	11
1,6,79	25
1,6,8	101
1,6,9	32
1,6,91	10
1,6,92	10
1,6,93	17
1,6,98	17
1,60,61	15
1,61,66	18
1,61,69	10
1,61,71	10
1,61,73	10
1,61,79	18
1,61,93	10
1,66,75	10
1,7,12	23
1,7,15	10
1,7,18	10
1,7,26	10
1,7,32	10
1,7,40	10
1,7,43	14
1,7,51	12
1,7,53	12
1,7,61	11
1,7,8	22
1,7,9	12
1,8,10	28
1,8,106	15
1,8,113	10
1,8,12	128
1,8,124	17
1,8,14	15
1,8,15	50
1,8,16	10
1,8,18	71
1,8,20	34
1,8,22	11
1,8,24	16
1,8,25	58
1,8,26	26
1,8,27	36
1,8,28	16
1,8,29	10
1,8,30	39
1,8,31	31
1,8,32	44
1,8,33	31
1,8,34	27
1,8,35	42
1,8,36	33
1,8,39	18
1,8,40	48
1,8,41	11
1,8,42	14
1,8,43	90
1,8,46	11
1,8,47	15
1,8,48	10
1,8,50	10
1,8,51	49
1,8,52	36
1,8,53	29
1,8,55	22
1,8,57	25
1,8,58	33
1,8,59	29
1,8,60	21
1,8,61	62
1,8,63	13
1,8,64	14
1,8,66	56
1,8,69	14
1,8,70	16
1,8,71	15
1,8,73	18
1,8,74	12
1,8,75	25
1,8,79	35
1,8,86	15
1,8,9	51
1,8,90	11
1,8,91	12
1,8,92	10
1,8,93	23
1,8,94	19
1,8,98	20
1,9,10	14
1,9,12	58
1,9,14	13
1,9,15	17
1,9,18	17
1,9,19	11
1,9,20	13
1,9,25	22
1,9,26	16
1,9,27	12
1,9,30	12
1,9,31	13
1,9,32	19
1,9,35	23
1,9,36	13
1,9,39	10
1,9,40	19
1,9,43	38
1,9,46	10
1,9,51	21
1,9,52	21
1,9,53	26
1,9,57	15
1,9,58	16
1,9,59	12
1,9,60	10
1,9,61	14
1,9,63	10
1,9,66	19
1,9,79	16
1,9,93	10
10,12,106	10
10,12,14	18
10,12,15	17
10,12,18	34
10,12,20	12
10,12,24	12
10,12,25	19
10,12,26	12
10,12,27	27
10,12,30	15
10,12,31	15
10,12,32	24
10,12,33	13
10,12,34	16
10,12,35	18
10,12,36	11
10,12,39	16
10,12,40	23
10,12,43	44
10,12,46	13
10,12,47	11
10,12,51	26
10,12,52	17
10,12,53	16
10,12,57	12
10,12,58	17
10,12,59	16
10,12,61	33
10,12,64	17
10,12,66	28
10,12,69	11
10,12,73	10
10,12,75	10
10,12,79	14
10,12,93	12
10,12,98	12
10,14,61	10
10,15,18	10
10,15,35	11
10,15,43	11
10,15,61	13
10,15,66	15
10,18,25	17
10,18,26	11
10,18,30	10
10,18,31	14
10,18,32	20
10,18,36	12
10,18,39	14
10,18,40	14
10,18,43	14
10,18,51	14
10,18,52	12
10,18,53	10
10,18,58	12
10,18,61	13
10,18,64	11
10,18,66	15
10,24,35	10
10,24,43	10
10,25,32	20
10,25,35	14
10,25,36	11
10,25,43	12
10,25,53	10
10,27,30	10
10,27,40	10
10,27,43	20
10,27,51	11
10,27,61	17
10,27,66	10
10,30,43	16
10,30,61	13
10,31,61	11
10,31,66	10
10,32,35	15
10,32,43	15
10,32,51	13
10,32,53	11
10,32,61	10
10,32,79	10
10,33,43	11
10,34,66	11
10,35,43	15
10,35,61	12
10,35,66	13
10,40,51	14
10,43,106	11
10,43,47	12
10,43,51	13
10,43,53	12
10,43,58	13
10,43,59	12
10,43,61	21
10,43,66	16
10,43,75	10
10,47,61	10
10,51,52	10
10,51,53	10
10,51,61	13
10,51,66	15
10,51,98	10
10,53,66	12
10,58,66	11
10,59,61	10
10,61,66	14
12,14,15	24
12,14,18	21
12,14,24	14
12,14,25	15
12,14,26	23
12,14,27	11
12,14,32	16
12,14,33	12
12,14,35	25
12,14,40	18
12,14,43	33
12,14,46	12
12,14,48	11
12,14,51	18
12,14,52	12
12,14,53	16
12,14,58	14
12,14,61	27
12,14,66	13
12,14,69	12
12,14,73	12
12,14,79	20
12,14,93	10
12,15,106	16
12,15,124	12
12,15,16	12
12,15,18	56
12,15,19	10
12,15,20	22
12,15,24	23
12,15,25	36
12,15,26	23
12,15,27	30
12,15,28	10
12,15,30	26
12,15,31	19
12,15,32	35
12,15,33	30
12,15,34	14
12,15,35	33
12,15,36	21
12,15,39	10
12,15,40	38
12,15,41	12
12,15,42	12
12,15,43	65
12,15,46	14
12,15,47	20
12,15,48	17
12,15,51	38
12,15,52	23
12,15,53	16
12,15,55	24
12,15,57	23
12,15,58	24
12,15,59	26
12,15,60	13
12,15,61	57
12,15,63	13
12,15,64	11
12,15,66	45
12,15,69	20
12,15,71	14
12,15,73	14
12,15,75	18
12,15,78	10
12,15,79	25
12,15,91	12
12,15,93	23
12,15,94	15
12,15,98	18
12,16,35	13
12,16,43	22
12,16,79	11
12,18,106	21
12,18,110	15
12,18,118	11
12,18,124	31
12,18,126	12
12,18,141	10
12,18,19	18
12,18,20	40
12,18,24	26
12,18,25	72
12,18,26	38
12,18,27	36
12,18,28	19
12,18,29	14
12,18,30	57
12,18,31	55
12,18,32	97
12,18,33	49
12,18,34	28
12,18,35	43
12,18,36	54
12,18,38	15
12,18,39	29
12,18,40	60
12,18,41	13
12,18,42	10
12,18,43	120
12,18,44	10
12,18,46	16
12,18,47	29
12,18,48	26
12,18,50	24
12,18,51	87
12,18,52	40
12,18,53	52
12,18,54	18
12,18,55	46
12,18,57	22
12,18,58	41
12,18,59	55
12,18,60	27
12,18,61	66
12,18,63	19
12,18,64	22
12,18,66	58
12,18,67	10
12,18,69	29
12,18,70	12
12,18,71	24
12,18,72	10
12,18,73	21
12,18,74	10
12,18,75	20
12,18,78	10
12,18,79	42
12,18,80	14
12,18,83	12
12,18,86	14
12,18,91	11
12,18,93	33
12,18,94	18
12,18,98	24
12,19,25	22
12,19,27	10
12,19,30	10
12,19,31	11
12,19,32	20
12,19,33	12
12,19,35	11
12,19,36	15
12,19,39	10
12,19,40	10
12,19,43	17
12,19,51	13
12,19,52	11
12,19,53	11
12,19,59	13
12,19,61	15
12,19,64	10
12,19,66	13
12,19,79	10
12,20,24	16
12,20,25	41
12,20,26	14
12,20,27	14
12,20,30	21
12,20,31	17
12,20,32	40
12,20,33	12
12,20,34	15
12,20,35	25
12,20,36	19
12,20,40	11
12,20,43	42
12,20,50	11
12,20,51	24
12,20,52	11
12,20,55	12
12,20,58	16
12,20,59	15
12,20,61	21
12,20,66	26
12,20,71	11
12,20,75	13
12,20,79	19
12,20,83	15
12,20,93	15
12,20,94	10
12,24,124	10
12,24,25	16
12,24,26	20
12,24,27	14
12,24,30	11
12,24,31	20
12,24,32	39
12,24,33	13
12,24,35	28
12,24,36	11
12,24,39	12
12,24,40	18
12,24,41	13
12,24,43	39
12,24,46	10
12,24,47	12
12,24,51	28
12,24,52	12
12,24,53	21
12,24,55	15
12,24,58	12
12,24,59	15
12,24,61	33
12,24,64	16
12,24,66	22
12,24,71	19
12,24,79	16
12,24,93	17
12,24,98	11
12,25,106	11
12,25,113	10
12,25,124	15
12,25,26	17
12,25,27	21
12,25,30	23
12,25,31	18
12,25,32	56
12,25,33	21
12,25,34	16
12,25,35	40
12,25,36	33
12,25,39	14
12,25,40	28
12,25,42	12
12,25,43	69
12,25,46	16
12,25,47	16
12,25,48	11
12,25,50	20
12,25,51	50
12,25,52	26
12,25,53	30
12,25,55	14
12,25,57	18
12,25,58	27
12,25,59	27
12,25,60	20
12,25,61	38
12,25,63	18
12,25,64	22
12,25,66	40
12,25,68	14
12,25,69	18
12,25,70	14
12,25,73	11
12,25,74	10
12,25,75	16
12,25,79	21
12,25,83	13
12,25,91	10
12,25,93	29
12,25,94	14
12,25,98	15
12,26,106	10
12,26,141	11
12,26,30	15
12,26,31	15
12,26,32	36
12,26,33	10
12,26,35	28
12,26,36	20
12,26,39	10
12,26,40	23
12,26,43	33
12,26,47	16
12,26,48	20
12,26,51	31
12,26,52	10
12,26,53	20
12,26,55	10
12,26,58	16
12,26,59	18
12,26,61	22
12,26,63	11
12,26,64	13
12,26,66	11
12,26,69	11
12,26,79	15
12,26,93	12
12,26,98	11
12,27,106	11
12,27,28	10
12,27,30	21
12,27,31	20
12,27,32	20
12,27,33	17
12,27,34	15
12,27,35	23
12,27,36	19
12,27,39	17
12,27,40	32
12,27,42	10
12,27,43	54
12,27,46	17
12,27,47	14
12,27,51	33
12,27,52	23
12,27,53	15
12,27,55	20
12,27,57	19
12,27,58	17
12,27,59	17
12,27,60	15
12,27,61	43
12,27,63	14
12,27,64	20
12,27,66	34
12,27,71	13
12,27,72	12
12,27,75	12
12,27,79	20
12,27,91	11
12,27,93	14
12,27,94	13
12,27,98	11
12,28,30	10
12,28,32	10
12,28,33	11
12,28,34	14
12,28,35	11
12,28,40	12
12,28,43	23
12,28,59	10
12,28,61	18
12,28,66	10
12,29,32	13
12,29,40	12
12,29,43	17
12,29,58	10
12,29,59	10
12,29,66	11
12,30,106	13
12,30,124	11
12,30,31	25
12,30,32	35
12,30,33	21
12,30,34	17
12,30,35	25
12,30,36	32
12,30,39	12
12,30,40	29
12,30,43	78
12,30,47	15
12,30,51	28
12,30,52	19
12,30,53	24
12,30,55	21
12,30,57	14
12,30,58	18
12,30,59	41
12,30,60	18
12,30,61	37
12,30,63	12
12,30,64	14
12,30,66	33
12,30,70	11
12,30,73	11
12,30,74	14
12,30,75	15
12,30,79	21
12,30,86	10
12,30,93	17
12,30,94	12
12,30,98	11
12,31,106	14
12,31,32	32
12,31,33	19
12,31,34	14
12,31,35	16
12,31,36	18
12,31,39	14
12,31,40	29
12,31,42	10
12,31,43	39
12,31,46	14
12,31,47	11
12,31,50	11
12,31,51	31
12,31,52	20
12,31,53	22
12,31,55	16
12,31,57	13
12,31,59	27
12,31,61	30
12,31,63	13
12,31,64	13
12,31,66	29
12,31,71	14
12,31,79	16
12,31,91	15
12,31,93	15
12,31,98	10
12,32,106	13
12,32,124	20
12,32,139	10
12,32,33	30
12,32,34	28
12,32,35	44
12,32,36	49
12,32,38	16
12,32,39	14
12,32,40	54
12,32,41	14
12,32,42	10
12,32,43	81
12,32,46	26
12,32,47	25
12,32,48	25
12,32,50	25
12,32,51	71
12,32,52	41
12,32,53	53
12,32,54	10
12,32,55	17
12,32,57	14
12,32,58	30
12,32,59	38
12,32,60	20
12,32,61	48
12,32,63	13
12,32,64	32
12,32,66	50
12,32,67	10
12,32,68	17
12,32,69	15
12,32,71	18
12,32,74	14
12,32,75	14
12,32,78	13
12,32,79	32
12,32,83	12
12,32,86	12
12,32,91	17
12,32,92	12
12,32,93	25
12,32,98	15
12,32,99	11
12,33,106	11
12,33,124	11
12,33,34	12
12,33,35	19
12,33,36	18
12,33,39	11
12,33,40	26
12,33,43	56
12,33,48	11
12,33,50	17
12,33,51	31
12,33,52	17
12,33,53	22
12,33,54	10
12,33,55	24
12,33,58	17
12,33,59	27
12,33,60	11
12,33,61	38
12,33,64	15
12,33,66	33
12,33,71	10
12,33,74	11
12,33,75	15
12,33,79	35
12,33,93	17
12,33,94	12
12,33,98	10
12,33,99	11
12,34,35	20
12,34,36	10
12,34,40	18
12,34,43	34
12,34,46	11
12,34,51	12
12,34,53	11
12,34,55	10
12,34,57	10
12,34,58	14
12,34,59	22
12,34,61	26
12,34,66	23
12,34,73	15
12,34,75	10
12,34,79	20
12,34,93	10
12,35,106	16
12,35,36	21
12,35,39	23
12,35,40	28
12,35,43	65
12,35,46	22
12,35,48	11
12,35,50	12
12,35,51	34
12,35,52	34
12,35,53	28
12,35,55	15
12,35,57	12
12,35,58	22
12,35,59	25
12,35,60	12
12,35,61	42
12,35,63	14
12,35,64	26
12,35,66	34
12,35,68	15
12,35,69	20
12,35,70	12
12,35,71	14
12,35,75	21
12,35,78	11
12,35,79	37
12,35,86	10
12,35,90	10
12,35,91	17
12,35,93	18
12,35,94	12
12,35,98	18
12,36,124	14
12,36,40	24
12,36,43	59
12,36,46	11
12,36,47	10
12,36,50	10
12,36,51	33
12,36,52	23
12,36,53	23
12,36,55	13
12,36,57	11
12,36,58	20
12,36,59	26
12,36,60	13
12,36,61	32
12,36,64	13
12,36,66	24
12,36,69	12
12,36,74	10
12,36,75	12
12,36,78	18
12,36,79	14
12,36,93	16
12,36,98	18
12,38,40	16
12,38,43	10
12,38,46	10
12,38,47	11
12,38,59	12
12,38,66	11
12,39,40	15
12,39,43	28
12,39,47	11
12,39,51	16
12,39,52	15
12,39,55	10
12,39,59	18
12,39,61	23
12,39,64	13
12,39,66	10
12,39,79	11
12,39,93	13
12,39,98	12
12,40,106	14
12,40,124	10
12,40,41	10
12,40,42	12
12,40,43	58
12,40,46	17
12,40,47	20
12,40,48	15
12,40,51	39
12,40,52	33
12,40,53	33
12,40,55	20
12,40,57	14
12,40,58	28
12,40,59	28
12,40,60	19
12,40,61	41
12,40,63	20
12,40,64	19
12,40,66	40
12,40,69	14
12,40,70	11
12,40,71	11
12,40,73	11
12,40,75	11
12,40,78	10
12,40,79	23
12,40,86	13
12,40,91	10
12,40,93	14
12,40,98	19
12,41,43	21
12,41,51	10
12,41,61	14
12,41,66	10
12,41,71	11
12,42,43	20
12,42,51	12
12,42,60	10
12,42,61	12
12,42,75	11
12,42,79	14
12,43,105	10
12,43,106	24
12,43,110	10
12,43,113	14
12,43,118	14
12,43,124	27
12,43,126	15
12,43,132	12
12,43,140	14
12,43,141	16
12,43,152	10
12,43,44	16
12,43,46	28
12,43,47	32
12,43,48	22
12,43,50	20
12,43,51	67
12,43,52	40
12,43,53	65
12,43,54	16
12,43,55	36
12,43,57	25
12,43,58	45
12,43,59	69
12,43,60	30
12,43,61	84
12,43,63	27
12,43,64	34
12,43,66	72
12,43,68	14
12,43,69	34
12,43,70	28
12,43,71	21
12,43,72	19
12,43,73	25
12,43,74	21
12,43,75	38
12,43,76	11
12,43,78	18
12,43,79	60
12,43,80	15
12,43,83	14
12,43,86	15
12,43,87	10
12,43,88	11
12,43,90	13
12,43,91	25
12,43,92	18
12,43,93	56
12,43,94	38
12,43,98	37
12,43,99	18
12,46,47	16
12,46,51	17
12,46,52	11
12,46,53	20
12,46,58	15
12,46,59	13
12,46,60	11
12,46,61	27
12,46,64	12
12,46,66	13
12,46,79	14
12,46,91	11
12,47,48	17
12,47,51	17
12,47,52	10
12,47,53	14
12,47,59	21
12,47,61	23
12,47,64	13
12,47,66	12
12,47,79	11
12,47,93	12
12,48,51	19
12,48,61	10
12,48,66	12
12,48,69	11
12,48,79	10
12,50,51	14
12,50,52	15
12,50,53	20
12,50,66	16
12,50,93	10
12,51,106	18
12,51,124	23
12,51,126	10
12,51,140	12
12,51,141	10
12,51,52	44
12,51,53	53
12,51,55	21
12,51,57	15
12,51,58	22
12,51,59	29
12,51,60	19
12,51,61	48
12,51,63	18
12,51,64	32
12,51,66	37
12,51,69	29
12,51,70	14
12,51,71	20
12,51,73	15
12,51,75	19
12,51,79	28
12,51,91	16
12,51,93	19
12,51,98	24
12,52,124	15
12,52,53	30
12,52,55	15
12,52,57	13
12,52,58	15
12,52,59	21
12,52,60	13
12,52,61	30
12,52,63	13
12,52,64	17
12,52,66	25
12,52,70	12
12,52,71	14
12,52,75	12
12,52,79	17
12,52,91	11
12,52,93	15
12,52,94	11
12,52,98	11
12,53,106	12
12,53,124	16
12,53,55	10
12,53,57	10
12,53,58	15
12,53,59	26
12,53,60	16
12,53,61	36
12,53,64	18
12,53,66	34
12,53,69	12
12,53,70	15
12,53,71	11
12,53,75	11
12,53,79	17
12,53,80	14
12,53,86	14
12,53,93	21
12,53,94	19
12,53,98	15
12,54,61	11
12,55,57	10
12,55,58	14
12,55,59	20
12,55,61	24
12,55,64	14
12,55,66	23
12,55,70	10
12,55,79	13
12,55,93	15
12,55,94	10
12,55,98	10
12,57,58	20
12,57,59	13
12,57,61	23
12,57,66	15
12,57,75	10
12,57,79	13
12,58,124	10
12,58,59	19
12,58,60	10
12,58,61	33
12,58,63	13
12,58,64	14
12,58,66	22
12,58,69	12
12,58,70	12
12,58,79	16
12,58,86	10
12,58,93	18
12,58,98	16
12,59,124	15
12,59,140	10
12,59,60	11
12,59,61	40
12,59,63	16
12,59,64	16
12,59,66	30
12,59,70	13
12,59,73	11
12,59,75	12
12,59,79	23
12,59,93	20
12,59,94	11
12,59,98	13
12,60,61	22
12,60,63	13
12,60,64	11
12,60,66	14
12,61,106	22
12,61,113	10
12,61,124	16
12,61,132	10
12,61,139	10
12,61,140	10
12,61,141	10
12,61,63	16
12,61,64	28
12,61,66	50
12,61,68	10
12,61,69	27
12,61,70	19
12,61,71	21
12,61,72	10
12,61,73	24
12,61,75	21
12,61,78	16
12,61,79	39
12,61,86	13
12,61,91	19
12,61,93	31
12,61,94	20
12,61,98	21
12,61,99	10
12,63,66	12
12,63,79	13
12,63,91	10
12,63,93	11
12,64,66	16
12,64,70	10
12,64,71	11
12,64,75	11
12,64,79	14
12,64,91	10
12,64,98	11
12,66,106	20
12,66,124	15
12,66,69	19
12,66,70	10
12,66,71	20
12,66,73	12
12,66,74	10
12,66,75	16
12,66,79	20
12,66,91	12
12,66,93	25
12,66,94	12
12,66,98	14
12,69,106	11
12,69,75	11
12,69,79	14
12,69,93	12
12,69,98	12
12,71,106	11
12,71,75	10
12,71,79	15
12,71,98	12
12,73,79	13
12,74,79	11
12,75,79	13
12,75,98	10
12,78,79	10
12,79,106	16
12,79,118	10
12,79,124	11
12,79,80	11
12,79,91	11
12,79,93	21
12,79,98	11
12,91,124	10
12,93,106	13
12,93,98	15
12,98,106	10
12,98,124	11
14,15,18	14
14,15,25	10
14,15,26	10
14,15,35	11
14,15,43	18
14,15,51	11
14,15,61	15
14,18,24	12
14,18,25	10
14,18,26	13
14,18,32	23
14,18,33	10
14,18,35	14
14,18,36	10
14,18,43	14
14,18,51	12
14,18,52	10
14,18,58	12
14,18,61	16
14,18,66	15
14,24,26	10
14,24,32	12
14,24,35	12
14,24,51	10
14,24,58	10
14,24,61	10
14,25,32	10
14,25,35	13
14,25,61	11
14,26,32	14
14,26,35	11
14,26,40	11
14,26,51	10
14,26,58	11
14,26,64	10
14,27,61	12
14,31,32	11
14,32,35	15
14,32,40	21
14,32,46	13
14,32,47	11
14,32,48	10
14,32,51	13
14,32,52	14
14,32,53	15
14,32,58	18
14,32,61	13
14,32,64	14
14,32,66	10
14,32,79	10
14,33,61	10
14,33,79	10
14,35,40	11
14,35,43	13
14,35,51	13
14,35,52	11
14,35,53	10
14,35,61	10
14,35,79	11
14,35,91	10
14,40,46	10
14,40,47	13
14,40,53	12
14,40,58	15
14,40,66	10
14,43,51	12
14,43,61	14
14,43,66	12
14,43,79	10
14,46,51	11
14,46,58	10
14,47,51	11
14,47,53	11
14,51,61	12
14,53,66	10
14,58,61	11
14,58,66	11
14,61,79	14
15,16,43	10
15,18,124	11
15,18,20	18
15,18,25	19
15,18,26	14
15,18,27	17
15,18,30	22
15,18,31	18
15,18,32	25
15,18,33	13
15,18,35	17
15,18,36	17
15,18,40	22
15,18,43	38
15,18,47	11
15,18,48	10
15,18,51	23
15,18,52	16
15,18,53	10
15,18,55	12
15,18,57	12
15,18,58	11
15,18,59	18
15,18,60	10
15,18,61	27
15,18,66	25
15,18,79	18
15,18,93	12
15,18,94	10
15,18,98	14
15,20,25	18
15,20,32	10
15,20,43	17
15,20,66	13
15,20,93	10
15,24,26	12
15,24,35	13
15,24,43	12
15,24,61	13
15,24,66	10
15,25,26	11
15,25,30	12
15,25,32	21
15,25,35	16
15,25,36	11
15,25,43	33
15,25,51	10
15,25,57	14
15,25,58	13
15,25,60	11
15,25,61	14
15,25,63	10
15,25,66	19
15,25,79	11
15,25,93	12
15,25,94	10
15,26,27	11
15,26,32	18
15,26,33	10
15,26,35	20
15,26,40	15
15,26,43	19
15,26,51	17
15,26,58	10
15,26,61	12
15,27,30	12
15,27,31	10
15,27,40	16
15,27,43	20
15,27,51	14
15,27,52	10
15,27,57	10
15,27,61	21
15,27,66	12
15,27,79	10
15,30,31	10
15,30,33	11
15,30,40	15
15,30,43	29
15,30,47	10
15,30,51	14
15,30,55	12
15,30,57	10
15,30,59	13
15,30,61	13
15,30,66	15
15,31,40	11
15,31,43	13
15,31,51	13
15,31,61	11
15,32,35	20
15,32,36	16
15,32,40	20
15,32,43	21
15,32,51	17
15,32,59	11
15,32,60	11
15,32,61	14
15,32,66	11
15,32,79	12
15,33,35	10
15,33,40	10
15,33,43	21
15,33,51	14
15,33,55	11
15,33,61	15
15,33,66	16
15,33,79	11
15,33,93	10
15,34,43	10
15,34,61	12
15,35,36	12
15,35,40	14
15,35,43	20
15,35,51	20
15,35,52	14
15,35,53	10
15,35,58	11
15,35,61	21
15,35,66	14
15,35,69	10
15,35,79	14
15,35,91	11
15,36,43	14
15,36,59	10
15,40,43	10
15,40,51	19
15,40,52	14
15,40,53	13
15,40,55	11
15,40,57	12
15,40,59	12
15,40,61	18
15,40,64	11
15,40,66	12
15,43,46	11
15,43,47	11
15,43,51	22
15,43,52	11
15,43,55	11
15,43,57	17
15,43,58	20
15,43,59	18
15,43,60	15
15,43,61	34
15,43,66	32
15,43,69	15
15,43,73	11
15,43,75	18
15,43,79	17
15,43,91	10
15,43,93	20
15,43,94	13
15,43,98	14
15,43,99	10
15,46,51	10
15,46,61	12
15,47,51	10
15,47,61	11
15,51,52	19
15,51,57	10
15,51,59	11
15,51,60	11
15,51,61	25
15,51,66	20
15,51,69	10
15,52,59	11
15,52,61	10
15,53,66	10
15,55,61	15
15,57,58	11
15,57,59	12
15,57,61	11
15,57,66	11
15,58,61	17
15,58,66	10
15,58,79	12
15,59,61	16
15,59,79	12
15,60,61	12
15,60,66	10
15,61,106	10
15,61,66	19
15,61,69	20
15,61,75	11
15,61,79	15
15,61,91	10
15,61,98	13
15,66,106	10
15,66,69	14
15,66,71	11
15,66,73	10
15,66,79	10
15,66,93	13
16,35,43	11
18,19,25	13
18,19,32	12
18,19,40	10
18,19,43	10
18,19,66	15
18,20,25	29
18,20,26	13
18,20,30	15
18,20,31	18
18,20,32	29
18,20,35	14
18,20,36	12
18,20,40	10
18,20,43	24
18,20,51	20
18,20,52	12
18,20,58	15
18,20,59	13
18,20,61	12
18,20,66	12
18,20,79	13
18,24,26	11
18,24,31	11
18,24,32	17
18,24,35	11
18,24,40	12
18,24,41	13
18,24,43	17
18,24,51	11
18,24,52	13
18,24,53	11
18,24,58	10
18,24,61	10
18,24,66	11
18,24,79	10
18,25,124	12
18,25,26	20
18,25,27	15
18,25,29	10
18,25,30	16
18,25,31	30
18,25,32	67
18,25,33	18
18,25,34	12
18,25,35	33
18,25,36	38
18,25,39	15
18,25,40	30
18,25,43	41
18,25,47	13
18,25,48	11
18,25,50	19
18,25,51	39
18,25,52	21
18,25,53	30
18,25,55	10
18,25,57	14
18,25,58	18
18,25,59	19
18,25,60	10
18,25,61	22
18,25,64	12
18,25,66	31
18,25,69	10
18,25,70	10
18,25,75	12
18,25,79	10
18,25,83	13
18,25,93	15
18,25,98	11
18,26,30	14
18,26,31	14
18,26,32	40
18,26,35	20
18,26,36	23
18,26,40	24
18,26,43	13
18,26,47	20
18,26,48	19
18,26,51	23
18,26,53	21
18,26,58	17
18,26,59	15
18,26,61	14
18,26,64	11
18,26,66	13
18,26,71	12
18,27,30	14
18,27,31	10
18,27,32	16
18,27,33	10
18,27,36	12
18,27,40	20
18,27,43	20
18,27,51	16
18,27,52	10
18,27,57	10
18,27,60	10
18,27,61	24
18,27,64	11
18,27,66	13
18,27,79	10
18,28,30	10
18,28,43	12
18,29,58	11
18,30,106	10
18,30,31	18
18,30,32	21
18,30,33	10
18,30,34	10
18,30,35	15
18,30,36	20
18,30,40	22
18,30,43	49
18,30,47	11
18,30,51	19
18,30,52	13
18,30,53	13
18,30,55	17
18,30,57	12
18,30,58	13
18,30,59	22
18,30,60	15
18,30,61	17
18,30,64	10
18,30,66	18
18,30,70	12
18,30,75	12
18,30,79	14
18,30,93	11
18,30,94	10
18,31,106	12
18,31,126	13
18,31,32	38
18,31,34	12
18,31,35	15
18,31,36	20
18,31,39	10
18,31,40	28
18,31,43	34
18,31,50	11
18,31,51	38
18,31,52	14
18,31,53	31
18,31,57	10
18,31,58	14
18,31,59	16
18,31,61	21
18,31,66	20
18,31,79	11
18,31,93	11
18,32,110	13
18,32,124	23
18,32,33	22
18,32,34	17
18,32,35	39
18,32,36	40
18,32,38	21
18,32,39	12
18,32,40	53
18,32,41	11
18,32,43	48
18,32,46	14
18,32,47	27
18,32,48	30
18,32,50	30
18,32,51	95
18,32,52	29
18,32,53	62
18,32,54	11
18,32,55	13
18,32,58	29
18,32,59	23
18,32,60	19
18,32,61	31
18,32,63	15
18,32,64	20
18,32,66	34
18,32,67	13
18,32,68	18
18,32,71	14
18,32,74	11
18,32,75	10
18,32,76	13
18,32,77	10
18,32,78	12
18,32,79	18
18,32,83	12
18,32,86	16
18,32,93	13
18,32,95	13
18,32,98	23
18,33,35	11
18,33,36	12
18,33,40	15
18,33,43	25
18,33,51	16
18,33,53	12
18,33,55	11
18,33,58	10
18,33,59	18
18,33,61	21
18,33,66	20
18,33,79	15
18,34,43	16
18,34,51	13
18,34,59	12
18,34,61	14
18,34,79	10
18,35,124	10
18,35,36	20
18,35,39	17
18,35,40	24
18,35,41	10
18,35,43	25
18,35,48	11
18,35,50	12
18,35,51	26
18,35,52	17
18,35,53	16
18,35,55	10
18,35,58	11
18,35,64	11
18,35,66	21
18,35,79	10
18,35,93	10
18,35,98	12
18,36,124	11
18,36,39	12
18,36,40	29
18,36,43	31
18,36,47	17
18,36,48	10
18,36,51	30
18,36,52	18
18,36,53	15
18,36,58	20
18,36,59	17
18,36,61	19
18,36,66	11
18,36,67	12
18,36,79	15
18,37,43	10
18,38,40	11
18,38,51	13
18,39,43	13
18,39,51	15
18,39,53	11
18,39,61	14
18,39,66	10
18,40,106	10
18,40,41	11
18,40,43	37
18,40,47	18
18,40,48	11
18,40,50	11
18,40,51	38
18,40,52	20
18,40,53	25
18,40,55	12
18,40,57	11
18,40,58	21
18,40,59	23
18,40,60	12
18,40,61	24
18,40,63	14
18,40,66	29
18,40,69	10
18,40,70	10
18,40,71	13
18,40,75	10
18,40,79	10
18,40,86	10
18,40,98	15
18,41,51	12
18,43,124	11
18,43,126	13
18,43,47	19
18,43,48	12
18,43,50	16
18,43,51	49
18,43,52	21
18,43,53	21
18,43,55	22
18,43,57	12
18,43,58	29
18,43,59	28
18,43,60	17
18,43,61	43
18,43,63	13
18,43,64	11
18,43,66	26
18,43,69	13
18,43,70	12
18,43,71	13
18,43,73	12
18,43,75	19
18,43,79	29
18,43,93	25
18,43,94	18
18,43,98	13
18,46,51	10
18,47,48	11
18,47,51	11
18,47,53	13
18,47,59	11
18,47,61	21
18,48,51	14
18,48,53	11
18,50,51	27
18,50,52	11
18,50,53	32
18,51,106	15
18,51,110	10
18,51,124	20
18,51,141	11
18,51,52	27
18,51,53	59
18,51,54	13
18,51,55	16
18,51,57	11
18,51,58	19
18,51,59	19
18,51,60	15
18,51,61	24
18,51,64	12
18,51,66	35
18,51,67	12
18,51,69	18
18,51,71	16
18,51,74	13
18,51,75	10
18,51,79	21
18,51,93	13
18,51,98	29
18,52,53	17
18,52,58	11
18,52,64	10
18,52,66	17
18,52,98	10
18,53,106	12
18,53,124	12
18,53,54	10
18,53,55	10
18,53,57	10
18,53,58	14
18,53,59	12
18,53,60	10
18,53,61	14
18,53,64	11
18,53,66	25
18,53,69	10
18,53,71	10
18,53,79	11
18,53,80	10
18,53,86	12
18,53,93	12
18,53,98	16
18,55,105	10
18,55,59	11
18,55,66	13
18,55,79	11
18,57,58	13
18,57,61	11
18,57,66	13
18,58,59	16
18,58,61	16
18,58,64	13
18,58,66	18
18,58,69	10
18,58,79	10
18,59,61	17
18,59,66	15
18,59,79	16
18,59,93	11
18,60,61	14
18,60,66	16
18,61,106	10
18,61,64	10
18,61,66	25
18,61,69	10
18,61,71	11
18,61,73	10
18,61,79	16
18,61,93	10
18,61,98	10
18,66,106	14
18,66,124	11
18,66,69	12
18,66,79	16
18,66,93	12
18,66,98	12
18,79,93	12
19,20,25	11
19,20,32	10
19,25,32	28
19,25,35	11
19,25,43	12
19,25,53	16
19,32,35	10
19,32,36	12
19,32,43	18
19,32,51	10
19,32,53	12
19,32,59	12
19,32,66	11
19,35,36	10
19,43,59	10
19,43,61	10
2,12,18	12
2,12,25	10
2,12,27	12
2,12,31	10
2,12,32	12
2,12,35	12
2,12,36	12
2,12,40	10
2,12,43	11
2,12,51	14
2,12,59	14
2,12,61	15
2,12,79	11
2,3,5	10
2,3,8	10
2,32,40	10
2,32,53	10
2,5,12	22
2,5,18	12
2,5,32	15
2,5,35	10
2,5,40	10
2,5,51	11
2,5,59	10
2,5,6	16
2,5,61	11
2,5,66	10
2,5,79	12
2,5,8	21
2,6,12	22
2,6,18	10
2,6,25	11
2,6,32	11
2,6,40	10
2,6,61	10
2,6,8	20
2,8,12	26
2,8,18	18
2,8,27	10
2,8,32	22
2,8,35	15
2,8,36	13
2,8,40	18
2,8,43	14
2,8,51	11
2,8,52	10
2,8,53	12
2,8,59	10
2,8,61	13
2,8,79	10
20,24,32	13
20,24,35	12
20,25,26	11
20,25,31	12
20,25,32	50
20,25,34	12
20,25,35	25
20,25,43	25
20,25,47	10
20,25,51	15
20,25,52	12
20,25,53	10
20,25,57	11
20,25,58	13
20,25,59	16
20,25,61	12
20,25,66	18
20,25,68	10
20,25,75	12
20,25,93	10
20,25,94	12
20,26,32	17
20,26,35	11
20,30,43	18
20,31,43	15
20,32,130	12
20,32,34	13
20,32,35	27
20,32,36	10
20,32,40	13
20,32,43	23
20,32,46	13
20,32,51	22
20,32,52	15
20,32,53	12
20,32,58	15
20,32,59	13
20,32,66	11
20,32,83	16
20,34,43	10
20,35,43	12
20,35,46	10
20,35,51	12
20,35,58	10
20,43,51	20
20,43,59	16
20,43,60	10
20,43,61	13
20,43,66	12
20,43,75	12
20,43,79	10
20,43,93	13
20,43,94	11
20,83,130	19
22,25,32	10
24,25,32	20
24,25,35	16
24,25,51	11
24,25,61	11
24,25,66	10
24,26,31	10
24,26,32	13
24,26,35	15
24,26,40	13
24,26,51	10
24,27,32	10
24,27,43	11
24,27,61	11
24,30,43	11
24,31,32	17
24,31,40	13
24,31,43	11
24,31,51	12
24,31,53	11
24,32,35	27
24,32,40	24
24,32,41	17
24,32,43	24
24,32,46	10
24,32,47	13
24,32,48	11
24,32,51	25
24,32,52	11
24,32,53	29
24,32,58	14
24,32,59	10
24,32,61	12
24,32,64	10
24,32,66	14
24,32,71	12
24,32,79	10
24,33,61	10
24,35,40	14
24,35,41	12
24,35,43	11
24,35,46	10
24,35,51	15
24,35,53	16
24,35,61	16
24,35,64	10
24,35,66	15
24,35,71	16
24,35,79	12
24,35,98	10
24,40,43	11
24,40,47	14
24,40,51	11
24,40,53	18
24,40,66	11
24,40,71	11
24,41,66	11
24,41,71	19
24,43,51	17
24,43,52	12
24,43,58	11
24,43,61	16
24,43,66	18
24,43,79	11
24,43,91	10
24,43,93	10
24,47,51	10
24,51,52	12
24,51,53	15
24,51,61	14
24,51,64	11
24,51,66	11
24,51,79	13
24,53,58	11
24,53,64	10
24,53,66	12
24,53,71	15
24,59,61	11
24,61,66	13
24,61,79	10
24,66,93	10
25,26,32	25
25,26,35	12
25,26,43	10
25,26,47	11
25,26,53	11
25,26,58	12
25,27,32	10
25,27,43	12
25,27,61	11
25,27,66	11
25,30,32	14
25,30,33	10
25,30,43	24
25,30,57	10
25,30,59	13
25,31,32	23
25,31,35	10
25,31,40	12
25,31,43	12
25,31,51	15
25,31,52	12
25,31,53	10
25,31,59	10
25,31,61	12
25,32,110	10
25,32,124	11
25,32,33	13
25,32,34	17
25,32,35	51
25,32,36	35
25,32,38	12
25,32,39	10
25,32,40	29
25,32,41	12
25,32,43	38
25,32,46	19
25,32,47	20
25,32,48	16
25,32,50	29
25,32,51	40
25,32,52	27
25,32,53	40
25,32,57	11
25,32,58	25
25,32,59	22
25,32,60	17
25,32,61	23
25,32,63	13
25,32,64	18
25,32,66	28
25,32,67	10
25,32,68	19
25,32,70	12
25,32,76	12
25,32,78	10
25,32,79	14
25,32,83	11
25,32,91	10
25,32,93	16
25,32,95	10
25,32,98	11
25,33,35	11
25,33,36	11
25,33,40	10
25,33,43	17
25,33,59	11
25,33,66	12
25,34,35	13
25,34,43	10
25,35,36	18
25,35,39	11
25,35,40	17
25,35,43	28
25,35,46	15
25,35,50	13
25,35,51	15
25,35,52	15
25,35,53	16
25,35,58	13
25,35,61	18
25,35,63	15
25,35,64	15
25,35,66	16
25,35,68	11
25,35,69	10
25,35,79	17
25,35,93	13
25,35,98	11
25,36,40	13
25,36,43	16
25,36,51	20
25,36,52	11
25,36,66	14
25,40,43	13
25,40,50	10
25,40,51	17
25,40,52	12
25,40,53	12
25,40,58	10
25,40,61	13
25,40,66	13
25,43,51	19
25,43,52	14
25,43,53	14
25,43,57	14
25,43,58	21
25,43,59	24
25,43,60	11
25,43,61	23
25,43,66	22
25,43,68	10
25,43,69	11
25,43,75	10
25,43,79	19
25,43,93	22
25,43,94	16
25,43,98	11
25,50,51	15
25,50,52	13
25,50,53	16
25,51,124	12
25,51,52	13
25,51,53	25
25,51,57	12
25,51,59	11
25,51,61	16
25,51,66	13
25,51,79	11
25,52,53	12
25,53,66	15
25,57,58	14
25,57,61	10
25,57,66	11
25,58,70	12
25,58,79	10
25,59,61	13
25,59,79	10
25,59,93	10
25,60,61	12
25,61,63	10
25,61,64	12
25,61,66	17
25,61,79	11
25,66,93	11
26,27,32	10
26,27,40	10
26,27,51	10
26,30,32	11
26,30,36	11
26,30,43	14
26,31,32	11
26,31,40	14
26,32,33	12
26,32,35	22
26,32,36	20
26,32,38	10
26,32,40	22
26,32,43	17
26,32,46	12
26,32,47	17
26,32,48	19
26,32,50	14
26,32,51	22
26,32,52	15
26,32,53	22
26,32,57	11
26,32,58	21
26,32,59	16
26,32,60	11
26,32,61	13
26,32,64	13
26,32,66	14
26,32,68	12
26,32,79	10
26,32,86	14
26,35,36	12
26,35,40	16
26,35,43	15
26,35,51	15
26,35,52	13
26,35,53	18
26,35,58	10
26,35,61	12
26,35,64	10
26,35,66	10
26,36,40	12
26,36,58	11
26,40,43	11
26,40,46	10
26,40,47	13
26,40,51	12
26,40,52	11
26,40,53	17
26,40,58	18
26,40,61	11
26,40,64	10
26,40,66	13
26,40,71	10
26,43,51	15
26,43,58	15
26,43,59	15
26,46,53	11
26,47,53	11
26,48,51	10
26,48,53	16
26,51,52	11
26,51,58	11
26,51,66	12
26,52,53	10
26,53,66	10
27,28,34	11
27,28,61	13
27,30,33	10
27,30,43	21
27,30,61	13
27,31,43	15
27,31,66	12
27,32,35	14
27,32,40	14
27,32,43	16
27,32,51	18
27,32,53	14
27,32,58	11
27,32,59	12
27,32,61	10
27,32,64	12
27,32,79	11
27,33,43	13
27,34,61	14
27,34,66	10
27,35,40	12
27,35,43	17
27,35,51	11
27,35,52	12
27,35,61	12
27,35,64	11
27,35,79	12
27,36,43	15
27,36,61	13
27,39,43	10
27,40,43	15
27,40,46	10
27,40,51	14
27,40,58	12
27,40,61	15
27,40,64	10
27,43,51	21
27,43,59	15
27,43,60	11
27,43,61	25
27,43,64	11
27,43,66	23
27,43,69	11
27,43,75	12
27,43,79	17
27,43,91	11
27,43,93	11
27,43,94	14
27,46,61	13
27,51,52	12
27,51,53	12
27,51,59	10
27,51,61	19
27,51,64	10
27,51,79	12
27,51,98	11
27,52,64	10
27,53,64	11
27,53,66	10
27,57,58	13
27,57,66	10
27,58,61	11
27,58,64	10
27,59,61	15
27,60,61	10
27,61,106	10
27,61,64	11
27,61,66	18
27,61,79	17
28,30,43	13
28,32,34	11
28,34,43	14
28,34,61	10
28,34,73	10
28,43,61	17
3,10,12	22
3,10,18	12
3,10,27	10
3,10,43	13
3,10,61	12
3,10,66	11
3,12,106	15
3,12,124	17
3,12,140	11
3,12,15	35
3,12,18	51
3,12,19	12
3,12,20	27
3,12,24	14
3,12,25	34
3,12,26	13
3,12,27	27
3,12,28	14
3,12,30	23
3,12,31	14
3,12,32	26
3,12,33	20
3,12,34	21
3,12,35	25
3,12,36	22
3,12,39	11
3,12,40	24
3,12,41	10
3,12,43	58
3,12,46	13
3,12,47	17
3,12,50	14
3,12,51	21
3,12,52	23
3,12,53	21
3,12,55	17
3,12,57	17
3,12,58	11
3,12,59	24
3,12,60	15
3,12,61	34
3,12,66	39
3,12,69	11
3,12,71	17
3,12,73	17
3,12,75	20
3,12,79	23
3,12,93	11
3,12,94	11
3,12,98	16
3,15,18	20
3,15,24	10
3,15,27	13
3,15,32	11
3,15,33	11
3,15,35	10
3,15,40	10
3,15,43	16
3,15,51	15
3,15,57	10
3,15,61	15
3,15,66	16
3,18,20	17
3,18,25	35
3,18,27	16
3,18,28	10
3,18,30	18
3,18,31	14
3,18,32	31
3,18,33	17
3,18,34	11
3,18,35	13
3,18,36	21
3,18,40	19
3,18,43	28
3,18,47	12
3,18,48	10
3,18,51	28
3,18,52	15
3,18,53	15
3,18,55	11
3,18,57	12
3,18,59	15
3,18,61	18
3,18,66	24
3,18,71	12
3,18,79	15
3,18,93	10
3,19,25	11
3,20,25	14
3,20,32	14
3,20,59	10
3,20,66	11
3,24,52	10
3,25,28	10
3,25,30	13
3,25,31	10
3,25,32	24
3,25,33	12
3,25,34	14
3,25,35	16
3,25,36	16
3,25,40	13
3,25,43	28
3,25,51	10
3,25,52	11
3,25,53	10
3,25,58	10
3,25,61	12
3,25,66	21
3,25,98	10
3,26,32	10
3,27,34	11
3,27,36	11
3,27,43	18
3,27,61	13
3,27,66	14
3,28,34	16
3,28,61	11
3,30,32	10
3,30,43	18
3,30,59	10
3,31,32	10
3,31,40	11
3,31,51	14
3,31,52	11
3,31,61	11
3,31,66	10
3,32,33	16
3,32,35	11
3,32,36	15
3,32,40	13
3,32,43	22
3,32,46	11
3,32,47	11
3,32,48	13
3,32,51	15
3,32,52	16
3,32,58	11
3,32,61	11
3,32,66	14
3,32,79	13
3,33,43	14
3,33,61	10
3,34,36	10
3,34,40	11
3,34,43	15
3,34,73	11
3,35,36	10
3,35,43	12
3,35,52	10
3,35,61	10
3,35,66	12
3,36,43	11
3,36,52	10
3,36,59	10
3,36,61	10
3,36,66	10
3,40,51	13
3,40,53	11
3,40,66	11
3,43,47	10
3,43,51	16
3,43,52	13
3,43,57	10
3,43,59	16
3,43,61	22
3,43,66	25
3,43,75	11
3,43,79	14
3,5,12	39
3,5,15	13
3,5,18	29
3,5,20	11
3,5,25	23
3,5,27	18
3,5,28	14
3,5,31	14
3,5,32	20
3,5,34	14
3,5,35	14
3,5,36	11
3,5,40	17
3,5,43	23
3,5,51	13
3,5,53	10
3,5,57	13
3,5,58	15
3,5,59	14
3,5,6	40
3,5,61	21
3,5,66	22
3,5,7	11
3,5,79	13
3,5,8	44
3,5,9	23
3,51,52	17
3,51,53	11
3,51,61	10
3,51,66	15
3,53,66	12
3,57,61	10
3,58,59	10
3,59,79	12
3,6,10	19
3,6,106	11
3,6,12	56
3,6,15	24
3,6,18	45
3,6,19	13
3,6,20	10
3,6,25	35
3,6,26	11
3,6,27	27
3,6,28	17
3,6,30	19
3,6,31	17
3,6,32	28
3,6,33	15
3,6,34	18
3,6,35	23
3,6,36	15
3,6,40	25
3,6,43	34
3,6,46	12
3,6,47	13
3,6,48	10
3,6,51	20
3,6,52	15
3,6,53	13
3,6,57	16
3,6,58	18
3,6,59	12
3,6,60	12
3,6,61	31
3,6,66	22
3,6,7	13
3,6,70	10
3,6,71	11
3,6,73	10
3,6,79	19
3,6,8	69
3,6,9	26
3,6,93	13
3,6,98	11
3,61,66	15
3,61,79	14
3,7,12	21
3,7,18	10
3,7,40	12
3,7,43	10
3,7,66	12
3,7,8	18
3,7,9	12
3,8,10	18
3,8,106	14
3,8,12	91
3,8,124	10
3,8,14	10
3,8,15	30
3,8,18	78
3,8,20	30
3,8,24	25
3,8,25	49
3,8,26	17
3,8,27	34
3,8,28	19
3,8,30	25
3,8,31	24
3,8,32	37
3,8,33	21
3,8,34	24
3,8,35	33
3,8,36	31
3,8,40	35
3,8,41	13
3,8,43	49
3,8,46	10
3,8,47	19
3,8,48	10
3,8,50	14
3,8,51	33
3,8,52	30
3,8,53	25
3,8,55	18
3,8,57	22
3,8,58	22
3,8,59	27
3,8,60	18
3,8,61	40
3,8,64	15
3,8,66	51
3,8,69	15
3,8,70	11
3,8,71	15
3,8,73	18
3,8,74	10
3,8,75	13
3,8,79	27
3,8,87	10
3,8,9	39
3,8,93	14
3,8,94	10
3,8,98	15
3,9,10	11
3,9,12	35
3,9,15	14
3,9,18	18
3,9,25	18
3,9,27	18
3,9,30	11
3,9,32	15
3,9,36	12
3,9,40	13
3,9,43	28
3,9,47	10
3,9,51	12
3,9,58	12
3,9,59	13
3,9,61	13
3,9,66	18
3,9,79	10
30,31,32	11
30,31,43	16
30,31,61	10
30,31,79	10
30,32,35	15
30,32,36	11
30,32,40	17
30,32,43	39
30,32,51	12
30,32,52	12
30,32,59	12
30,32,66	13
30,33,40	10
30,33,43	17
30,33,59	12
30,33,61	13
30,33,66	11
30,34,43	13
30,35,40	11
30,35,43	22
30,35,61	15
30,35,66	10
30,36,43	27
30,36,58	11
30,36,59	13
30,40,43	20
30,40,51	10
30,40,55	10
30,40,59	11
30,40,66	13
30,43,47	16
30,43,50	10
30,43,51	29
30,43,52	18
30,43,53	19
30,43,55	15
30,43,57	13
30,43,58	18
30,43,59	27
30,43,60	15
30,43,61	27
30,43,63	10
30,43,64	13
30,43,66	23
30,43,70	11
30,43,75	15
30,43,79	14
30,43,93	15
30,43,94	15
30,43,98	11
30,43,99	10
30,47,59	11
30,51,59	14
30,51,66	11
30,53,59	10
30,53,66	10
30,55,59	12
30,59,60	12
30,59,66	11
30,59,79	10
30,61,75	10
30,61,79	11
31,32,35	16
31,32,40	25
31,32,43	16
31,32,46	11
31,32,51	22
31,32,52	11
31,32,53	24
31,32,59	13
31,32,61	11
31,32,66	13
31,32,79	17
31,33,40	10
31,33,43	18
31,33,59	11
31,33,61	10
31,33,79	10
31,35,40	14
31,35,53	12
31,35,79	12
31,36,43	11
31,36,59	12
31,39,43	12
31,40,43	16
31,40,51	20
31,40,53	13
31,40,59	10
31,40,64	12
31,40,66	11
31,43,51	25
31,43,52	14
31,43,53	17
31,43,59	18
31,43,61	16
31,43,66	18
31,43,79	18
31,43,91	10
31,43,93	13
31,43,98	11
31,46,61	10
31,51,52	15
31,51,53	14
31,51,59	11
31,51,61	12
31,51,66	12
31,51,69	10
31,51,75	10
31,51,79	10
31,52,53	12
31,52,59	12
31,52,66	12
31,53,66	13
31,57,66	10
31,58,61	10
31,59,61	12
31,61,66	18
31,61,79	15
32,33,35	10
32,33,40	14
32,33,43	18
32,33,47	12
32,33,48	10
32,33,50	15
32,33,51	15
32,33,52	11
32,33,53	15
32,33,58	11
32,33,59	15
32,33,61	20
32,33,64	10
32,33,66	14
32,33,79	18
32,34,35	17
32,34,40	16
32,34,43	18
32,34,52	10
32,34,53	12
32,34,58	11
32,34,59	10
32,35,36	24
32,35,38	11
32,35,39	11
32,35,40	23
32,35,41	12
32,35,43	33
32,35,46	22
32,35,47	10
32,35,48	13
32,35,50	13
32,35,51	29
32,35,52	24
32,35,53	35
32,35,57	12
32,35,58	24
32,35,59	14
32,35,60	13
32,35,61	24
32,35,64	17
32,35,66	19
32,35,70	10
32,35,71	10
32,35,79	22
32,35,91	10
32,35,93	12
32,36,124	10
32,36,40	22
32,36,43	27
32,36,46	11
32,36,48	10
32,36,50	18
32,36,51	21
32,36,52	19
32,36,53	21
32,36,58	17
32,36,59	15
32,36,61	12
32,36,64	10
32,36,66	11
32,36,98	13
32,38,40	17
32,38,46	10
32,39,53	12
32,40,110	10
32,40,43	24
32,40,46	22
32,40,47	22
32,40,48	14
32,40,50	15
32,40,51	34
32,40,52	23
32,40,53	41
32,40,54	10
32,40,57	14
32,40,58	24
32,40,59	16
32,40,60	11
32,40,61	12
32,40,63	12
32,40,64	22
32,40,66	22
32,40,68	12
32,40,71	11
32,40,78	10
32,40,79	13
32,40,86	14
32,40,91	11
32,40,98	10
32,41,43	10
32,41,51	13
32,41,53	10
32,41,66	10
32,41,71	10
32,43,46	14
32,43,47	17
32,43,48	14
32,43,51	36
32,43,52	19
32,43,53	24
32,43,55	11
32,43,57	12
32,43,58	25
32,43,59	28
32,43,60	17
32,43,61	25
32,43,64	14
32,43,66	27
32,43,68	11
32,43,75	11
32,43,79	19
32,43,83	11
32,43,86	10
32,43,93	21
32,43,98	11
32,43,99	11
32,46,109	12
32,46,48	11
32,46,51	18
32,46,52	10
32,46,53	21
32,46,58	13
32,46,61	11
32,46,64	11
32,46,78	10
32,46,79	10
32,47,48	15
32,47,51	14
32,47,53	15
32,47,58	10
32,47,59	11
32,47,61	12
32,47,66	10
32,48,50	10
32,48,51	12
32,48,52	10
32,48,53	15
32,48,61	11
32,48,66	10
32,50,51	24
32,50,52	19
32,50,53	35
32,50,59	15
32,51,124	18
32,51,52	26
32,51,53	56
32,51,55	10
32,51,57	14
32,51,58	24
32,51,59	16
32,51,60	10
32,51,61	21
32,51,63	10
32,51,64	22
32,51,66	31
32,51,69	10
32,51,71	13
32,51,75	10
32,51,76	11
32,51,79	15
32,51,98	18
32,52,53	30
32,52,58	11
32,52,59	13
32,52,64	14
32,52,66	24
32,52,79	13
32,53,55	10
32,53,57	12
32,53,58	20
32,53,61	17
32,53,64	24
32,53,66	31
32,53,68	14
32,53,71	11
32,53,76	16
32,53,78	11
32,53,79	11
32,53,80	11
32,53,86	14
32,53,91	12
32,53,93	10
32,53,98	11
32,55,105	12
32,57,58	12
32,57,66	11
32,58,59	17
32,58,60	11
32,58,61	11
32,58,64	17
32,58,66	12
32,58,78	10
32,58,79	12
32,58,86	10
32,59,61	17
32,59,66	11
32,59,79	11
32,60,61	15
32,61,64	15
32,61,66	18
32,61,79	16
32,64,66	14
32,64,75	10
32,66,79	13
33,35,43	13
33,35,61	12
33,35,79	10
33,36,43	15
33,36,66	10
33,36,79	10
33,40,43	12
33,40,61	10
33,40,66	10
33,43,51	22
33,43,52	13
33,43,53	15
33,43,58	15
33,43,59	15
33,43,60	10
33,43,61	21
33,43,66	24
33,43,75	10
33,43,79	15
33,43,93	13
33,51,61	16
33,51,66	14
33,51,79	11
33,53,61	10
33,55,61	10
33,59,61	12
33,59,79	12
33,61,66	12
33,61,79	12
33,66,79	10
34,35,43	14
34,35,51	10
34,35,58	11
34,40,59	11
34,43,58	11
34,43,59	11
34,43,61	13
34,43,66	10
34,51,66	10
34,57,61	10
34,58,61	10
34,59,61	14
34,61,66	13
34,61,73	13
34,66,73	10
35,36,43	13
35,36,52	13
35,36,53	11
35,36,61	11
35,39,43	10
35,39,53	12
35,40,43	14
35,40,46	12
35,40,51	16
35,40,52	17
35,40,53	11
35,40,58	10
35,40,61	15
35,40,64	10
35,40,66	10
35,40,71	10
35,40,79	13
35,41,71	11
35,43,51	21
35,43,52	22
35,43,53	19
35,43,55	10
35,43,58	22
35,43,59	20
35,43,60	10
35,43,61	28
35,43,64	17
35,43,66	25
35,43,69	16
35,43,75	18
35,43,79	26
35,43,91	10
35,43,93	12
35,43,98	11
35,46,51	13
35,46,53	13
35,46,61	17
35,46,79	10
35,47,51	10
35,48,53	11
35,50,53	11
35,51,52	18
35,51,53	14
35,51,57	10
35,51,58	15
35,51,59	10
35,51,60	13
35,51,61	15
35,51,66	13
35,51,69	10
35,51,79	17
35,52,53	16
35,52,66	13
35,52,79	11
35,53,58	12
35,53,61	15
35,53,79	11
35,53,83	10
35,57,58	10
35,58,61	14
35,58,69	10
35,58,79	14
35,59,61	11
35,59,79	10
35,60,61	12
35,61,64	16
35,61,66	17
35,61,69	11
35,61,75	10
35,61,79	21
35,61,93	10
35,61,98	11
35,66,69	11
35,79,106	10
35,79,86	10
36,40,43	14
36,40,51	13
36,40,52	16
36,40,53	15
36,40,58	11
36,40,66	13
36,40,98	11
36,43,47	10
36,43,51	18
36,43,52	11
36,43,53	13
36,43,55	11
36,43,58	18
36,43,59	21
36,43,61	18
36,43,64	10
36,43,66	17
36,43,75	12
36,43,79	12
36,43,93	10
36,43,98	10
36,51,124	10
36,51,52	12
36,51,53	12
36,51,58	11
36,51,66	18
36,51,98	13
36,52,124	10
36,52,53	13
36,53,64	11
36,58,59	10
36,59,61	10
38,40,47	11
39,51,61	10
39,52,53	11
40,41,51	10
40,43,48	10
40,43,51	23
40,43,52	18
40,43,53	13
40,43,58	17
40,43,59	14
40,43,61	20
40,43,64	12
40,43,66	14
40,43,79	10
40,46,53	15
40,46,58	10
40,47,51	12
40,47,53	16
40,50,53	10
40,51,52	15
40,51,53	21
40,51,58	14
40,51,61	18
40,51,64	14
40,51,66	15
40,51,79	11
40,51,98	13
40,52,53	16
40,52,58	14
40,52,59	11
40,52,64	13
40,52,66	10
40,52,79	11
40,53,106	10
40,53,58	11
40,53,61	10
40,53,63	10
40,53,64	12
40,53,66	16
40,53,71	10
40,57,58	10
40,58,61	11
40,58,66	11
40,59,66	10
40,60,61	11
40,61,64	10
40,61,66	14
40,66,71	12
43,46,61	11
43,47,53	11
43,47,59	11
43,47,61	15
43,47,66	11
43,48,51	10
43,51,106	10
43,51,126	10
43,51,52	19
43,51,53	14
43,51,55	10
43,51,57	10
43,51,58	17
43,51,59	20
43,51,60	12
43,51,61	21
43,51,66	17
43,51,75	14
43,51,79	19
43,51,93	15
43,51,94	10
43,51,98	18
43,52,53	13
43,52,58	12
43,52,59	16
43,52,60	10
43,52,61	11
43,52,66	18
43,53,126	10
43,53,58	13
43,53,59	21
43,53,60	12
43,53,61	22
43,53,64	12
43,53,66	14
43,53,70	13
43,53,75	12
43,53,93	11
43,53,94	13
43,53,98	11
43,55,61	12
43,55,66	11
43,57,58	10
43,57,59	13
43,57,61	10
43,57,66	10
43,57,79	11
43,58,59	15
43,58,60	12
43,58,61	25
43,58,64	10
43,58,66	14
43,58,69	10
43,58,79	19
43,58,93	11
43,58,98	11
43,59,124	10
43,59,61	21
43,59,64	10
43,59,66	19
43,59,70	12
43,59,75	12
43,59,79	18
43,59,93	15
43,59,98	13
43,60,61	17
43,61,106	13
43,61,124	14
43,61,63	10
43,61,64	14
43,61,66	33
43,61,69	16
43,61,71	12
43,61,73	11
43,61,75	18
43,61,79	27
43,61,90	10
43,61,91	13
43,61,93	23
43,61,94	13
43,61,98	18
43,61,99	10
43,66,106	12
43,66,69	16
43,66,74	10
43,66,75	14
43,66,79	16
43,66,93	16
43,66,94	11
43,66,98	12
43,69,93	10
43,73,79	11
43,79,93	15
43,79,94	14
43,79,98	13
46,51,53	12
46,51,58	10
46,51,61	11
46,52,53	10
46,53,66	10
46,59,61	11
46,61,66	10
46,61,79	11
47,51,52	10
47,51,53	11
47,59,61	10
5,10,12	31
5,10,18	21
5,10,24	13
5,10,25	19
5,10,31	11
5,10,35	15
5,10,43	20
5,10,51	14
5,10,52	12
5,10,53	10
5,10,61	16
5,10,64	11
5,10,66	13
5,12,106	21
5,12,118	15
5,12,124	18
5,12,126	12
5,12,14	26
5,12,140	10
5,12,141	10
5,12,15	54
5,12,16	12
5,12,18	77
5,12,19	21
5,12,20	32
5,12,22	17
5,12,24	41
5,12,25	61
5,12,26	35
5,12,27	52
5,12,28	18
5,12,30	44
5,12,31	39
5,12,32	71
5,12,33	36
5,12,34	18
5,12,35	65
5,12,36	42
5,12,39	24
5,12,40	50
5,12,41	17
5,12,42	17
5,12,43	121
5,12,44	14
5,12,46	28
5,12,47	25
5,12,48	18
5,12,51	59
5,12,52	41
5,12,53	47
5,12,54	19
5,12,55	23
5,12,57	26
5,12,58	39
5,12,59	36
5,12,60	28
5,12,61	77
5,12,63	36
5,12,64	28
5,12,66	47
5,12,68	17
5,12,69	20
5,12,70	18
5,12,71	26
5,12,72	16
5,12,73	18
5,12,74	20
5,12,75	25
5,12,76	10
5,12,78	15
5,12,79	41
5,12,80	11
5,12,81	10
5,12,82	10
5,12,91	23
5,12,92	11
5,12,93	36
5,12,94	16
5,12,98	30
5,14,15	14
5,14,18	15
5,14,24	13
5,14,25	13
5,14,26	18
5,14,32	13
5,14,35	13
5,14,36	13
5,14,40	11
5,14,43	13
5,14,51	15
5,14,58	13
5,14,61	16
5,15,18	25
5,15,24	13
5,15,25	21
5,15,26	15
5,15,27	19
5,15,30	12
5,15,31	11
5,15,32	14
5,15,35	25
5,15,36	13
5,15,40	16
5,15,43	35
5,15,51	23
5,15,52	15
5,15,53	11
5,15,57	13
5,15,58	15
5,15,60	14
5,15,61	30
5,15,66	23
5,15,69	13
5,15,71	10
5,15,79	14
5,15,91	11
5,15,93	14
5,15,98	14
5,16,43	10
5,18,20	22
5,18,24	11
5,18,25	53
5,18,26	27
5,18,27	22
5,18,30	27
5,18,31	29
5,18,32	53
5,18,33	15
5,18,34	12
5,18,35	29
5,18,36	41
5,18,39	15
5,18,40	40
5,18,41	10
5,18,43	58
5,18,44	10
5,18,46	12
5,18,47	21
5,18,48	21
5,18,51	37
5,18,52	19
5,18,53	33
5,18,55	15
5,18,57	18
5,18,58	30
5,18,59	18
5,18,60	15
5,18,61	34
5,18,63	11
5,18,64	11
5,18,66	25
5,18,68	12
5,18,69	11
5,18,70	12
5,18,71	11
5,18,75	11
5,18,79	23
5,18,86	12
5,18,91	13
5,18,93	10
5,18,98	16
5,19,25	14
5,19,32	12
5,19,35	15
5,19,40	12
5,19,57	10
5,19,66	10
5,20,24	13
5,20,25	26
5,20,32	27
5,20,35	11
5,20,43	20
5,20,51	13
5,20,58	12
5,20,59	14
5,20,61	11
5,24,25	11
5,24,31	10
5,24,32	24
5,24,35	24
5,24,40	10
5,24,41	15
5,24,43	20
5,24,51	21
5,24,53	17
5,24,58	16
5,24,61	20
5,24,66	16
5,24,71	16
5,24,79	14
5,25,26	13
5,25,27	21
5,25,30	17
5,25,31	13
5,25,32	51
5,25,34	11
5,25,35	29
5,25,36	28
5,25,39	11
5,25,40	19
5,25,43	45
5,25,46	14
5,25,51	27
5,25,52	11
5,25,53	22
5,25,57	21
5,25,58	26
5,25,59	19
5,25,60	13
5,25,61	26
5,25,63	14
5,25,64	11
5,25,66	22
5,25,68	15
5,25,70	14
5,25,75	10
5,25,79	23
5,25,86	11
5,25,93	13
5,25,98	11
5,26,30	11
5,26,32	23
5,26,35	15
5,26,36	17
5,26,40	22
5,26,43	15
5,26,47	10
5,26,51	17
5,26,53	14
5,26,58	13
5,26,59	12
5,26,61	10
5,27,30	11
5,27,31	10
5,27,32	15
5,27,35	16
5,27,39	10
5,27,40	17
5,27,43	31
5,27,51	21
5,27,52	13
5,27,53	10
5,27,57	13
5,27,59	10
5,27,61	28
5,27,64	16
5,27,66	22
5,27,79	15
5,27,91	10
5,27,98	10
5,30,31	13
5,30,32	15
5,30,33	11
5,30,35	10
5,30,36	13
5,30,43	37
5,30,51	16
5,30,59	12
5,30,61	16
5,30,66	11
5,30,74	10
5,30,79	12
5,30,93	13
5,31,32	16
5,31,34	11
5,31,35	18
5,31,36	11
5,31,40	17
5,31,43	27
5,31,46	11
5,31,51	20
5,31,52	11
5,31,53	14
5,31,57	11
5,31,59	13
5,31,61	22
5,31,64	12
5,31,66	16
5,31,79	13
5,31,91	11
5,32,33	14
5,32,34	10
5,32,35	33
5,32,36	25
5,32,38	11
5,32,40	31
5,32,41	16
5,32,43	37
5,32,46	18
5,32,47	18
5,32,48	17
5,32,50	17
5,32,51	39
5,32,52	20
5,32,53	36
5,32,55	10
5,32,57	12
5,32,58	30
5,32,59	20
5,32,60	18
5,32,61	27
5,32,63	14
5,32,64	15
5,32,66	29
5,32,68	19
5,32,70	11
5,32,71	10
5,32,74	15
5,32,75	11
5,32,78	14
5,32,79	16
5,32,91	15
5,32,93	14
5,32,98	15
5,33,40	15
5,33,43	23
5,33,51	10
5,33,53	10
5,33,61	15
5,33,66	16
5,33,79	10
5,34,43	13
5,34,51	10
5,34,61	13
5,34,66	12
5,35,106	10
5,35,36	14
5,35,39	16
5,35,40	19
5,35,43	32
5,35,46	12
5,35,48	12
5,35,51	19
5,35,52	25
5,35,53	18
5,35,57	13
5,35,58	20
5,35,59	12
5,35,61	21
5,35,63	16
5,35,64	19
5,35,66	23
5,35,68	14
5,35,69	13
5,35,71	15
5,35,73	10
5,35,75	14
5,35,79	17
5,35,91	11
5,35,93	12
5,35,98	14
5,36,40	12
5,36,43	32
5,36,51	19
5,36,53	11
5,36,58	12
5,36,59	14
5,36,61	15
5,36,66	10
5,36,91	11
5,36,98	11
5,38,47	10
5,39,40	10
5,39,43	11
5,39,51	11
5,39,52	14
5,39,53	11
5,40,43	23
5,40,46	10
5,40,47	18
5,40,51	29
5,40,52	18
5,40,53	21
5,40,57	15
5,40,58	16
5,40,61	18
5,40,63	14
5,40,64	14
5,40,66	16
5,40,70	11
5,40,71	11
5,40,79	12
5,40,86	10
5,41,43	10
5,41,51	11
5,43,126	10
5,43,140	10
5,43,46	15
5,43,47	18
5,43,48	14
5,43,51	35
5,43,52	26
5,43,53	23
5,43,54	10
5,43,55	12
5,43,57	16
5,43,58	26
5,43,59	25
5,43,60	19
5,43,61	45
5,43,63	15
5,43,64	14
5,43,66	35
5,43,69	14
5,43,70	12
5,43,72	15
5,43,73	13
5,43,74	12
5,43,75	20
5,43,79	30
5,43,91	13
5,43,92	10
5,43,93	18
5,43,94	17
5,43,98	20
5,46,53	15
5,46,61	15
5,47,53	10
5,47,61	11
5,48,53	11
5,51,124	10
5,51,52	19
5,51,53	20
5,51,55	12
5,51,57	14
5,51,58	16
5,51,59	16
5,51,60	15
5,51,61	21
5,51,63	10
5,51,64	10
5,51,66	18
5,51,75	10
5,51,79	14
5,51,91	11
5,51,93	10
5,51,98	14
5,52,53	17
5,52,63	10
5,52,64	11
5,52,66	14
5,52,79	11
5,52,91	10
5,53,57	10
5,53,58	23
5,53,60	14
5,53,61	17
5,53,63	10
5,53,64	11
5,53,66	13
5,53,70	10
5,54,61	10
5,55,61	11
5,57,58	15
5,57,61	12
5,57,66	13
5,58,59	10
5,58,60	11
5,58,61	16
5,58,64	11
5,58,66	16
5,58,69	10
5,58,70	10
5,58,79	12
5,58,98	13
5,59,61	17
5,59,79	18
5,6,10	28
5,6,106	19
5,6,116	10
5,6,118	11
5,6,12	121
5,6,14	24
5,6,15	45
5,6,18	86
5,6,19	19
5,6,20	23
5,6,22	11
5,6,24	28
5,6,25	70
5,6,26	21
5,6,27	52
5,6,28	14
5,6,30	29
5,6,31	29
5,6,32	65
5,6,33	21
5,6,34	17
5,6,35	48
5,6,36	42
5,6,38	12
5,6,39	20
5,6,40	46
5,6,41	13
5,6,43	80
5,6,46	16
5,6,47	26
5,6,48	23
5,6,51	46
5,6,52	39
5,6,53	33
5,6,54	13
5,6,55	16
5,6,57	25
5,6,58	31
5,6,59	27
5,6,60	24
5,6,61	61
5,6,63	17
5,6,64	24
5,6,66	42
5,6,68	11
5,6,69	17
5,6,7	30
5,6,70	19
5,6,71	24
5,6,72	12
5,6,73	13
5,6,75	19
5,6,78	12
5,6,79	33
5,6,8	149
5,6,86	15
5,6,9	63
5,6,91	20
5,6,92	11
5,6,93	21
5,6,94	12
5,6,98	27
5,60,61	17
5,61,106	13
5,61,64	12
5,61,66	20
5,61,69	11
5,61,71	11
5,61,73	11
5,61,75	12
5,61,79	23
5,61,91	10
5,61,93	15
5,61,94	10
5,61,98	14
5,66,106	10
5,66,69	14
5,66,71	11
5,66,79	15
5,66,91	11
5,66,98	10
5,7,12	26
5,7,18	15
5,7,32	19
5,7,35	19
5,7,40	19
5,7,43	18
5,7,51	10
5,7,53	15
5,7,61	14
5,7,66	10
5,7,79	10
5,7,8	27
5,7,9	24
5,74,79	10
5,8,10	33
5,8,106	21
5,8,110	14
5,8,116	10
5,8,118	15
5,8,12	168
5,8,124	12
5,8,126	14
5,8,127	11
5,8,14	32
5,8,140	11
5,8,15	61
5,8,16	15
5,8,18	108
5,8,20	31
5,8,22	19
5,8,24	45
5,8,25	79
5,8,26	39
5,8,27	64
5,8,28	16
5,8,29	10
5,8,30	45
5,8,31	51
5,8,32	77
5,8,33	28
5,8,34	28
5,8,35	59
5,8,36	50
5,8,38	16
5,8,39	28
5,8,40	66
5,8,41	20
5,8,42	20
5,8,43	118
5,8,44	14
5,8,46	25
5,8,47	26
5,8,48	13
5,8,50	11
5,8,51	71
5,8,52	56
5,8,53	49
5,8,54	16
5,8,55	19
5,8,57	40
5,8,58	49
5,8,59	38
5,8,60	33
5,8,61	78
5,8,63	25
5,8,64	28
5,8,66	68
5,8,67	10
5,8,68	19
5,8,69	23
5,8,70	26
5,8,71	27
5,8,72	14
5,8,73	20
5,8,74	16
5,8,75	25
5,8,76	13
5,8,78	18
5,8,79	49
5,8,80	10
5,8,83	13
5,8,86	14
5,8,87	10
5,8,9	83
5,8,91	35
5,8,92	12
5,8,93	28
5,8,94	23
5,8,98	28
5,8,99	10
5,9,10	17
5,9,118	12
5,9,12	93
5,9,14	17
5,9,15	17
5,9,18	44
5,9,19	14
5,9,20	19
5,9,24	23
5,9,25	28
5,9,26	21
5,9,27	27
5,9,30	15
5,9,31	23
5,9,32	38
5,9,33	18
5,9,34	16
5,9,35	31
5,9,36	17
5,9,40	37
5,9,41	12
5,9,42	11
5,9,43	52
5,9,46	15
5,9,47	14
5,9,48	10
5,9,51	30
5,9,52	24
5,9,53	32
5,9,54	12
5,9,55	13
5,9,57	22
5,9,58	27
5,9,59	18
5,9,60	14
5,9,61	37
5,9,63	21
5,9,64	17
5,9,66	23
5,9,68	13
5,9,70	14
5,9,71	18
5,9,78	12
5,9,79	21
5,9,91	21
5,9,93	10
5,9,98	15
50,51,52	10
50,51,53	26
50,52,53	15
50,53,66	14
51,52,124	13
51,52,53	20
51,52,58	10
51,52,59	12
51,52,61	12
51,52,64	12
51,52,66	12
51,52,79	11
51,52,98	13
51,53,124	13
51,53,58	14
51,53,61	10
51,53,64	10
51,53,66	16
51,53,98	13
51,57,58	10
51,58,66	10
51,58,98	10
51,59,61	11
51,59,98	12
51,60,61	17
51,61,64	12
51,61,66	19
51,61,79	12
51,61,98	12
51,64,66	11
51,66,69	10
51,66,79	12
51,66,91	11
51,66,93	11
51,66,98	10
52,53,64	10
52,53,66	14
53,58,59	10
53,58,61	10
53,58,66	14
53,60,61	15
53,61,64	10
53,61,66	14
57,58,61	11
58,59,79	11
58,61,66	17
58,61,79	12
59,61,66	14
59,61,79	15
6,10,106	10
6,10,12	52
6,10,14	11
6,10,15	21
6,10,18	39
6,10,24	11
6,10,25	20
6,10,26	13
6,10,27	24
6,10,30	18
6,10,31	12
6,10,32	27
6,10,33	11
6,10,34	11
6,10,35	24
6,10,36	14
6,10,39	15
6,10,40	21
6,10,43	37
6,10,47	11
6,10,51	21
6,10,52	19
6,10,53	15
6,10,55	11
6,10,57	12
6,10,58	18
6,10,59	12
6,10,60	13
6,10,61	33
6,10,64	12
6,10,66	16
6,10,79	13
6,12,106	28
6,12,110	10
6,12,113	16
6,12,118	14
6,12,124	28
6,12,126	11
6,12,127	10
6,12,136	10
6,12,14	36
6,12,140	14
6,12,141	16
6,12,15	63
6,12,16	19
6,12,18	113
6,12,19	21
6,12,20	36
6,12,22	12
6,12,24	39
6,12,25	80
6,12,26	36
6,12,27	60
6,12,28	27
6,12,29	14
6,12,30	51
6,12,31	48
6,12,32	82
6,12,33	48
6,12,34	28
6,12,35	81
6,12,36	55
6,12,38	17
6,12,39	41
6,12,40	65
6,12,41	11
6,12,42	18
6,12,43	127
6,12,46	27
6,12,47	31
6,12,48	22
6,12,50	19
6,12,51	80
6,12,52	51
6,12,53	53
6,12,54	18
6,12,55	34
6,12,57	28
6,12,58	39
6,12,59	46
6,12,60	38
6,12,61	100
6,12,63	28
6,12,64	45
6,12,66	57
6,12,67	14
6,12,68	15
6,12,69	28
6,12,70	27
6,12,71	30
6,12,72	14
6,12,73	23
6,12,74	13
6,12,75	32
6,12,76	10
6,12,78	11
6,12,79	52
6,12,80	12
6,12,81	12
6,12,83	10
6,12,86	13
6,12,91	20
6,12,93	38
6,12,94	20
6,12,98	30
6,12,99	11
6,14,15	12
6,14,18	20
6,14,24	16
6,14,25	16
6,14,26	17
6,14,27	11
6,14,32	19
6,14,35	18
6,14,36	12
6,14,40	13
6,14,43	19
6,14,51	18
6,14,52	12
6,14,53	13
6,14,58	16
6,14,61	21
6,14,64	15
6,14,66	16
6,14,79	13
6,15,106	15
6,15,124	10
6,15,16	10
6,15,18	44
6,15,20	14
6,15,24	19
6,15,25	24
6,15,26	17
6,15,27	29
6,15,30	27
6,15,31	17
6,15,32	23
6,15,33	19
6,15,35	35
6,15,36	20
6,15,39	10
6,15,40	20
6,15,43	38
6,15,47	12
6,15,51	25
6,15,52	18
6,15,53	14
6,15,55	18
6,15,57	14
6,15,58	13
6,15,59	17
6,15,60	12
6,15,61	38
6,15,64	10
6,15,66	29
6,15,69	16
6,15,71	14
6,15,79	22
6,15,91	15
6,15,93	16
6,15,98	18
6,16,43	16
6,18,106	21
6,18,124	18
6,18,126	11
6,18,19	24
6,18,20	23
6,18,24	14
6,18,25	70
6,18,26	33
6,18,27	34
6,18,28	11
6,18,30	37
6,18,31	41
6,18,32	85
6,18,33	27
6,18,34	14
6,18,35	37
6,18,36	50
6,18,38	11
6,18,39	27
6,18,40	57
6,18,43	71
6,18,47	27
6,18,48	17
6,18,50	17
6,18,51	59
6,18,52	31
6,18,53	39
6,18,54	16
6,18,55	23
6,18,57	18
6,18,58	35
6,18,59	21
6,18,60	26
6,18,61	47
6,18,63	12
6,18,64	23
6,18,66	42
6,18,67	16
6,18,68	12
6,18,69	15
6,18,70	12
6,18,71	21
6,18,74	12
6,18,75	14
6,18,79	34
6,18,80	10
6,18,81	12
6,18,86	13
6,18,91	11
6,18,93	23
6,18,98	24
6,19,25	15
6,19,31	10
6,19,32	14
6,19,35	10
6,19,36	11
6,19,40	14
6,19,43	16
6,19,52	10
6,19,61	12
6,19,64	10
6,19,66	13
6,19,79	10
6,20,24	12
6,20,25	28
6,20,26	11
6,20,27	11
6,20,30	10
6,20,32	21
6,20,35	20
6,20,40	13
6,20,43	18
6,20,46	14
6,20,51	14
6,20,52	11
6,20,58	11
6,20,59	10
6,20,61	16
6,20,66	13
6,20,79	17
6,24,25	13
6,24,26	15
6,24,27	17
6,24,30	11
6,24,31	12
6,24,32	25
6,24,35	24
6,24,39	11
6,24,40	13
6,24,43	27
6,24,48	10
6,24,51	23
6,24,52	10
6,24,53	18
6,24,55	10
6,24,57	10
6,24,58	14
6,24,59	10
6,24,61	21
6,24,64	12
6,24,66	19
6,24,69	11
6,24,71	16
6,24,79	14
6,24,98	10
6,25,106	13
6,25,124	11
6,25,26	22
6,25,27	26
6,25,28	12
6,25,30	18
6,25,31	22
6,25,32	73
6,25,33	14
6,25,34	16
6,25,35	43
6,25,36	32
6,25,40	31
6,25,43	38
6,25,46	13
6,25,47	10
6,25,48	10
6,25,50	18
6,25,51	39
6,25,52	22
6,25,53	28
6,25,54	12
6,25,57	15
6,25,58	21
6,25,59	14
6,25,60	12
6,25,61	30
6,25,63	12
6,25,64	17
6,25,66	28
6,25,68	11
6,25,69	13
6,25,70	16
6,25,75	10
6,25,79	23
6,25,86	14
6,25,91	11
6,25,93	16
6,25,98	16
6,26,27	11
6,26,32	29
6,26,33	11
6,26,35	24
6,26,36	17
6,26,39	10
6,26,40	17
6,26,43	13
6,26,47	10
6,26,51	18
6,26,52	15
6,26,53	14
6,26,58	19
6,26,61	20
6,26,64	14
6,26,66	14
6,26,70	14
6,26,71	10
6,27,106	15
6,27,28	11
6,27,30	21
6,27,31	13
6,27,32	16
6,27,34	16
6,27,35	20
6,27,36	18
6,27,39	15
6,27,40	32
6,27,43	46
6,27,46	11
6,27,47	13
6,27,48	10
6,27,51	35
6,27,52	23
6,27,53	17
6,27,55	11
6,27,57	18
6,27,58	19
6,27,59	14
6,27,60	12
6,27,61	45
6,27,63	10
6,27,64	20
6,27,66	27
6,27,69	10
6,27,71	14
6,27,79	21
6,27,91	13
6,27,93	13
6,27,98	16
6,28,34	13
6,28,35	13
6,28,43	17
6,28,61	16
6,30,31	18
6,30,32	18
6,30,33	11
6,30,35	17
6,30,36	18
6,30,39	10
6,30,40	18
6,30,43	45
6,30,51	19
6,30,52	13
6,30,55	14
6,30,57	13
6,30,58	11
6,30,59	18
6,30,60	14
6,30,61	25
6,30,64	11
6,30,66	14
6,30,70	12
6,30,71	10
6,30,79	13
6,30,93	11
6,30,98	10
6,31,106	10
6,31,32	28
6,31,34	10
6,31,35	17
6,31,40	27
6,31,43	32
6,31,47	10
6,31,51	24
6,31,52	22
6,31,53	12
6,31,59	14
6,31,61	23
6,31,66	17
6,31,71	10
6,31,79	13
6,31,98	12
6,32,106	11
6,32,124	15
6,32,33	17
6,32,34	17
6,32,35	50
6,32,36	42
6,32,38	13
6,32,39	18
6,32,40	49
6,32,43	47
6,32,45	12
6,32,46	15
6,32,47	19
6,32,48	21
6,32,50	21
6,32,51	55
6,32,52	31
6,32,53	42
6,32,54	11
6,32,55	13
6,32,57	18
6,32,58	33
6,32,59	19
6,32,60	26
6,32,61	40
6,32,64	30
6,32,66	25
6,32,67	11
6,32,68	16
6,32,69	12
6,32,70	14
6,32,71	14
6,32,74	10
6,32,75	11
6,32,78	15
6,32,79	28
6,32,91	18
6,32,92	10
6,32,93	10
6,32,98	19
6,32,99	11
6,33,35	14
6,33,36	12
6,33,40	15
6,33,43	30
6,33,51	17
6,33,58	12
6,33,59	10
6,33,60	11
6,33,61	24
6,33,66	20
6,33,79	18
6,33,93	12
6,34,35	17
6,34,43	21
6,34,58	13
6,34,59	11
6,34,61	21
6,34,66	15
6,35,106	18
6,35,124	10
6,35,36	23
6,35,39	18
6,35,40	32
6,35,43	34
6,35,46	22
6,35,47	10
6,35,48	14
6,35,50	11
6,35,51	28
6,35,52	29
6,35,53	30
6,35,54	14
6,35,55	15
6,35,57	17
6,35,58	26
6,35,59	18
6,35,61	38
6,35,63	11
6,35,64	23
6,35,66	25
6,35,68	11
6,35,69	19
6,35,70	12
6,35,71	15
6,35,73	11
6,35,75	14
6,35,79	31
6,35,91	14
6,35,93	17
6,35,98	17
6,36,124	12
6,36,40	18
6,36,43	33
6,36,47	10
6,36,51	28
6,36,52	20
6,36,53	15
6,36,58	20
6,36,61	27
6,36,64	11
6,36,66	15
6,36,79	14
6,36,91	10
6,36,98	13
6,37,43	10
6,39,40	19
6,39,43	17
6,39,47	10
6,39,51	13
6,39,53	13
6,39,60	13
6,39,61	17
6,39,64	16
6,39,98	13
6,40,106	12
6,40,43	37
6,40,46	10
6,40,47	17
6,40,48	12
6,40,51	42
6,40,52	30
6,40,53	27
6,40,55	12
6,40,57	11
6,40,58	22
6,40,60	16
6,40,61	27
6,40,64	17
6,40,66	23
6,40,70	10
6,40,71	14
6,40,79	15
6,40,98	12
6,42,43	10
6,42,79	10
6,43,106	16
6,43,113	11
6,43,118	14
6,43,124	14
6,43,141	13
6,43,46	14
6,43,47	20
6,43,48	18
6,43,51	51
6,43,52	32
6,43,53	29
6,43,54	13
6,43,55	17
6,43,57	14
6,43,58	27
6,43,59	29
6,43,60	19
6,43,61	63
6,43,63	10
6,43,64	24
6,43,66	36
6,43,69	22
6,43,70	14
6,43,71	14
6,43,72	10
6,43,73	12
6,43,75	19
6,43,79	25
6,43,91	18
6,43,93	23
6,43,94	20
6,43,98	22
6,43,99	10
6,46,51	10
6,46,53	11
6,46,58	11
6,46,61	16
6,46,66	10
6,46,79	11
6,47,48	11
6,47,51	12
6,47,61	20
6,47,64	10
6,47,66	13
6,47,79	10
6,48,51	13
6,48,52	12
6,48,61	10
6,48,66	10
6,50,51	12
6,50,52	12
6,50,53	11
6,51,106	14
6,51,124	13
6,51,52	38
6,51,53	34
6,51,55	13
6,51,57	16
6,51,58	18
6,51,59	19
6,51,60	14
6,51,61	35
6,51,64	18
6,51,66	24
6,51,67	10
6,51,69	15
6,51,70	11
6,51,71	11
6,51,79	20
6,51,91	13
6,51,93	12
6,51,98	24
6,52,124	10
6,52,53	21
6,52,55	10
6,52,58	17
6,52,59	12
6,52,60	10
6,52,61	19
6,52,64	17
6,52,66	15
6,52,79	10
6,52,86	10
6,52,91	10
6,52,93	11
6,52,98	10
6,53,106	11
6,53,57	12
6,53,58	17
6,53,60	11
6,53,61	21
6,53,64	14
6,53,66	22
6,53,69	10
6,53,71	10
6,53,79	10
6,53,86	10
6,53,98	10
6,55,59	11
6,55,61	16
6,55,79	10
6,57,58	15
6,57,61	17
6,57,79	10
6,58,124	10
6,58,59	10
6,58,61	25
6,58,64	16
6,58,66	18
6,58,69	13
6,58,70	15
6,58,71	11
6,58,79	17
6,58,98	11
6,59,61	18
6,59,79	18
6,60,61	29
6,60,66	15
6,60,79	10
6,61,106	15
6,61,124	10
6,61,64	21
6,61,66	35
6,61,68	10
6,61,69	17
6,61,70	11
6,61,71	14
6,61,73	14
6,61,75	12
6,61,79	33
6,61,86	10
6,61,91	10
6,61,93	18
6,61,94	12
6,61,98	19
6,61,99	11
6,64,66	13
6,64,79	15
6,66,106	17
6,66,124	11
6,66,69	17
6,66,71	13
6,66,75	12
6,66,79	16
6,66,93	15
6,66,98	11
6,69,98	10
6,7,106	10
6,7,12	35
6,7,14	11
6,7,15	16
6,7,18	23
6,7,19	11
6,7,20	12
6,7,24	11
6,7,25	22
6,7,27	12
6,7,30	11
6,7,31	17
6,7,32	20
6,7,35	19
6,7,36	10
6,7,38	11
6,7,40	22
6,7,43	21
6,7,51	17
6,7,52	10
6,7,53	14
6,7,58	13
6,7,61	17
6,7,66	15
6,7,75	11
6,7,79	15
6,7,8	50
6,7,9	15
6,7,98	12
6,71,98	12
6,79,91	11
6,79,93	11
6,79,98	11
6,8,10	65
6,8,101	11
6,8,105	11
6,8,106	34
6,8,110	12
6,8,113	20
6,8,116	12
6,8,118	22
6,8,12	219
6,8,122	11
6,8,124	24
6,8,126	14
6,8,127	10
6,8,14	45
6,8,140	14
6,8,141	11
6,8,144	10
6,8,15	92
6,8,16	18
6,8,18	153
6,8,19	10
6,8,20	51
6,8,22	20
6,8,23	17
6,8,24	48
6,8,25	95
6,8,26	45
6,8,27	99
6,8,28	25
6,8,29	13
6,8,30	60
6,8,31	61
6,8,32	103
6,8,33	39
6,8,34	36
6,8,35	93
6,8,36	65
6,8,38	16
6,8,39	45
6,8,40	90
6,8,41	12
6,8,42	21
6,8,43	143
6,8,44	11
6,8,45	12
6,8,46	25
6,8,47	35
6,8,48	26
6,8,50	22
6,8,51	86
6,8,52	70
6,8,53	52
6,8,54	21
6,8,55	39
6,8,57	39
6,8,58	60
6,8,59	48
6,8,60	33
6,8,61	107
6,8,63	23
6,8,64	47
6,8,66	76
6,8,67	14
6,8,68	21
6,8,69	41
6,8,70	27
6,8,71	39
6,8,72	15
6,8,73	32
6,8,74	18
6,8,75	31
6,8,76	11
6,8,78	13
6,8,79	60
6,8,80	16
6,8,81	13
6,8,83	10
6,8,84	15
6,8,86	25
6,8,9	94
6,8,90	11
6,8,91	33
6,8,92	12
6,8,93	38
6,8,94	21
6,8,98	45
6,8,99	18
6,9,10	25
6,9,106	12
6,9,118	10
6,9,12	80
6,9,14	19
6,9,15	23
6,9,18	39
6,9,20	12
6,9,24	25
6,9,25	30
6,9,26	16
6,9,27	38
6,9,28	10
6,9,30	18
6,9,31	25
6,9,32	38
6,9,33	14
6,9,34	17
6,9,35	35
6,9,36	19
6,9,39	20
6,9,40	35
6,9,43	52
6,9,46	13
6,9,47	17
6,9,51	39
6,9,52	26
6,9,53	23
6,9,55	14
6,9,57	19
6,9,58	20
6,9,59	14
6,9,60	10
6,9,61	36
6,9,63	13
6,9,64	21
6,9,66	26
6,9,71	17
6,9,75	10
6,9,79	21
6,9,91	20
6,9,93	11
6,9,98	20
6,91,98	11
60,61,66	14
61,64,66	10
61,66,124	11
61,66,71	10
61,66,98	11
61,71,98	10
7,10,12	14
7,12,106	12
7,12,124	12
7,12,14	14
7,12,15	19
7,12,18	29
7,12,20	18
7,12,24	12
7,12,25	21
7,12,26	10
7,12,30	15
7,12,31	19
7,12,32	26
7,12,33	17
7,12,34	16
7,12,35	24
7,12,36	14
7,12,40	17
7,12,43	34
7,12,50	10
7,12,51	23
7,12,52	12
7,12,53	23
7,12,55	12
7,12,57	12
7,12,58	14
7,12,59	18
7,12,61	28
7,12,66	19
7,12,75	20
7,12,79	17
7,12,80	10
7,12,98	11
7,14,61	10
7,15,18	12
7,15,30	12
7,15,43	17
7,15,51	10
7,15,61	13
7,15,66	10
7,18,20	13
7,18,25	22
7,18,26	10
7,18,30	11
7,18,31	18
7,18,32	21
7,18,35	12
7,18,36	14
7,18,40	19
7,18,43	21
7,18,51	19
7,18,53	16
7,18,61	10
7,18,66	12
7,18,93	10
7,19,32	10
7,20,25	12
7,20,32	14
7,20,35	10
7,20,43	12
7,25,31	10
7,25,32	24
7,25,35	17
7,25,43	12
7,25,51	10
7,25,53	11
7,25,61	11
7,26,32	11
7,26,53	11
7,27,61	10
7,30,43	11
7,30,66	10
7,30,79	10
7,31,40	11
7,31,43	10
7,32,34	12
7,32,35	26
7,32,36	10
7,32,40	12
7,32,43	14
7,32,46	11
7,32,47	10
7,32,50	19
7,32,51	14
7,32,52	15
7,32,53	18
7,32,58	11
7,32,61	13
7,32,66	11
7,32,68	10
7,32,75	11
7,33,43	10
7,34,43	11
7,34,53	12
7,35,43	12
7,35,53	12
7,35,79	11
7,36,43	11
7,40,43	13
7,40,51	10
7,40,53	10
7,40,66	12
7,43,51	14
7,43,53	12
7,43,61	13
7,43,66	11
7,50,53	14
7,51,53	14
7,51,58	10
7,51,61	11
7,51,66	12
7,53,58	12
7,53,66	11
7,8,10	14
7,8,106	10
7,8,12	63
7,8,124	11
7,8,14	15
7,8,15	33
7,8,18	46
7,8,20	25
7,8,24	16
7,8,25	26
7,8,26	16
7,8,27	16
7,8,28	10
7,8,30	23
7,8,31	26
7,8,32	32
7,8,33	17
7,8,34	20
7,8,35	26
7,8,36	21
7,8,39	11
7,8,40	26
7,8,43	39
7,8,46	11
7,8,47	15
7,8,48	10
7,8,51	27
7,8,52	11
7,8,53	31
7,8,55	14
7,8,57	15
7,8,58	24
7,8,59	20
7,8,61	34
7,8,64	14
7,8,66	27
7,8,69	12
7,8,70	11
7,8,75	17
7,8,79	23
7,8,9	26
7,8,98	15
7,9,12	25
7,9,18	13
7,9,32	11
7,9,35	11
7,9,40	13
7,9,43	20
7,9,53	11
7,9,61	12
8,10,106	14
8,10,12	66
8,10,14	14
8,10,15	27
8,10,18	36
8,10,24	14
8,10,25	25
8,10,26	19
8,10,27	28
8,10,30	21
8,10,31	21
8,10,32	23
8,10,33	16
8,10,34	20
8,10,35	29
8,10,36	14
8,10,39	18
8,10,40	24
8,10,43	39
8,10,46	12
8,10,47	15
8,10,51	27
8,10,52	24
8,10,53	24
8,10,55	10
8,10,57	11
8,10,58	23
8,10,59	18
8,10,60	10
8,10,61	39
8,10,64	14
8,10,66	34
8,10,68	11
8,10,69	10
8,10,71	11
8,10,75	11
8,10,79	15
8,10,91	10
8,10,93	11
8,10,98	14
8,12,105	15
8,12,106	34
8,12,110	20
8,12,113	22
8,12,116	11
8,12,118	27
8,12,120	10
8,12,122	11
8,12,124	41
8,12,126	15
8,12,127	17
8,12,132	18
8,12,136	13
8,12,139	10
8,12,14	56
8,12,140	23
8,12,141	16
8,12,148	10
8,12,15	113
8,12,152	13
8,12,16	26
8,12,18	176
8,12,19	14
8,12,20	75
8,12,22	24
8,12,23	13
8,12,24	58
8,12,25	106
8,12,26	54
8,12,27	97
8,12,28	37
8,12,29	26
8,12,30	91
8,12,31	75
8,12,32	137
8,12,33	83
8,12,34	62
8,12,35	103
8,12,36	82
8,12,37	10
8,12,38	24
8,12,39	46
8,12,40	104
8,12,41	25
8,12,42	35
8,12,43	228
8,12,44	20
8,12,46	48
8,12,47	46
8,12,48	29
8,12,50	28
8,12,51	100
8,12,52	92
8,12,53	75
8,12,54	16
8,12,55	62
8,12,57	51
8,12,58	67
8,12,59	100
8,12,60	49
8,12,61	144
8,12,63	38
8,12,64	49
8,12,66	121
8,12,67	12
8,12,68	24
8,12,69	43
8,12,70	30
8,12,71	47
8,12,72	21
8,12,73	43
8,12,74	20
8,12,75	50
8,12,76	16
8,12,78	23
8,12,79	95
8,12,80	18
8,12,81	19
8,12,82	12
8,12,83	18
8,12,84	18
8,12,86	21
8,12,88	16
8,12,90	14
8,12,91	36
8,12,92	20
8,12,93	65
8,12,94	40
8,12,98	45
8,12,99	21
8,14,106	10
8,14,15	25
8,14,18	34
8,14,20	11
8,14,24	24
8,14,25	21
8,14,26	30
8,14,27	17
8,14,30	10
8,14,32	30
8,14,33	15
8,14,34	11
8,14,35	33
8,14,36	17
8,14,39	15
8,14,40	21
8,14,41	10
8,14,43	29
8,14,46	20
8,14,47	15
8,14,51	27
8,14,52	16
8,14,53	19
8,14,55	10
8,14,58	26
8,14,59	10
8,14,60	10
8,14,61	32
8,14,64	18
8,14,66	20
8,14,73	10
8,14,74	12
8,14,75	10
8,14,79	20
8,14,86	10
8,14,93	10
8,14,98	10
8,15,106	20
8,15,124	18
8,15,140	11
8,15,152	10
8,15,16	15
8,15,18	65
8,15,20	32
8,15,22	10
8,15,24	23
8,15,25	53
8,15,26	33
8,15,27	48
8,15,28	11
8,15,29	11
8,15,30	36
8,15,31	27
8,15,32	30
8,15,33	32
8,15,34	21
8,15,35	41
8,15,36	31
8,15,39	11
8,15,40	39
8,15,41	14
8,15,42	15
8,15,43	81
8,15,46	14
8,15,47	18
8,15,48	12
8,15,50	10
8,15,51	47
8,15,52	29
8,15,53	21
8,15,55	30
8,15,57	30
8,15,58	31
8,15,59	38
8,15,60	24
8,15,61	66
8,15,63	15
8,15,64	17
8,15,66	59
8,15,68	14
8,15,69	21
8,15,70	17
8,15,71	18
8,15,72	10
8,15,73	16
8,15,74	10
8,15,75	18
8,15,78	10
8,15,79	31
8,15,86	10
8,15,88	10
8,15,91	16
8,15,93	30
8,15,94	16
8,15,98	20
8,16,25	12
8,16,34	12
8,16,35	13
8,16,43	24
8,16,66	11
8,16,79	10
8,18,105	11
8,18,106	19
8,18,110	17
8,18,118	11
8,18,124	32
8,18,126	14
8,18,127	11
8,18,140	15
8,18,19	10
8,18,20	53
8,18,22	17
8,18,24	32
8,18,25	86
8,18,26	49
8,18,27	58
8,18,28	20
8,18,29	13
8,18,30	67
8,18,31	59
8,18,32	87
8,18,33	52
8,18,34	33
8,18,35	55
8,18,36	75
8,18,37	12
8,18,38	14
8,18,39	34
8,18,40	84
8,18,41	19
8,18,42	20
8,18,43	125
8,18,44	14
8,18,46	18
8,18,47	46
8,18,48	26
8,18,50	22
8,18,51	92
8,18,52	52
8,18,53	52
8,18,54	10
8,18,55	43
8,18,57	30
8,18,58	52
8,18,59	61
8,18,60	28
8,18,61	77
8,18,63	12
8,18,64	24
8,18,66	65
8,18,67	11
8,18,69	25
8,18,70	17
8,18,71	34
8,18,72	10
8,18,73	22
8,18,74	18
8,18,75	30
8,18,79	50
8,18,81	10
8,18,82	10
8,18,84	11
8,18,86	21
8,18,91	23
8,18,92	10
8,18,93	31
8,18,94	24
8,18,98	30
8,18,99	14
8,19,25	10
8,20,132	11
8,20,140	11
8,20,22	10
8,20,24	18
8,20,25	60
8,20,26	17
8,20,27	20
8,20,30	21
8,20,31	27
8,20,32	36
8,20,33	12
8,20,34	18
8,20,35	29
8,20,36	20
8,20,40	20
8,20,43	39
8,20,46	11
8,20,50	10
8,20,51	28
8,20,52	27
8,20,53	10
8,20,55	17
8,20,57	13
8,20,58	26
8,20,59	23
8,20,61	21
8,20,64	12
8,20,66	29
8,20,71	14
8,20,74	11
8,20,75	16
8,20,79	22
8,20,80	11
8,20,86	10
8,20,91	15
8,20,93	15
8,20,94	10
8,20,98	11
8,22,25	15
8,22,32	15
8,22,35	12
8,22,40	10
8,22,52	10
8,22,61	11
8,23,27	10
8,23,43	10
8,24,25	22
8,24,26	22
8,24,27	21
8,24,30	13
8,24,31	21
8,24,32	40
8,24,33	16
8,24,34	17
8,24,35	36
8,24,36	14
8,24,38	10
8,24,39	12
8,24,40	19
8,24,41	21
8,24,42	11
8,24,43	39
8,24,45	10
8,24,46	12
8,24,47	15
8,24,51	34
8,24,52	21
8,24,53	28
8,24,55	16
8,24,57	14
8,24,58	23
8,24,59	16
8,24,60	11
8,24,61	30
8,24,64	15
8,24,66	32
8,24,69	10
8,24,71	24
8,24,75	11
8,24,79	18
8,24,91	15
8,24,93	10
8,24,98	10
8,25,126	15
8,25,26	22
8,25,27	32
8,25,28	12
8,25,29	10
8,25,30	28
8,25,31	26
8,25,32	74
8,25,33	18
8,25,34	26
8,25,35	57
8,25,36	40
8,25,37	11
8,25,39	13
8,25,40	40
8,25,41	12
8,25,42	13
8,25,43	72
8,25,46	21
8,25,47	14
8,25,48	11
8,25,50	21
8,25,51	37
8,25,52	27
8,25,53	21
8,25,54	11
8,25,55	18
8,25,57	30
8,25,58	39
8,25,59	28
8,25,60	15
8,25,61	43
8,25,63	20
8,25,64	22
8,25,66	48
8,25,68	16
8,25,69	15
8,25,70	16
8,25,71	10
8,25,72	12
8,25,73	19
8,25,74	14
8,25,75	19
8,25,78	11
8,25,79	32
8,25,86	16
8,25,91	13
8,25,93	23
8,25,94	17
8,25,98	18
8,26,106	13
8,26,27	14
8,26,30	15
8,26,31	14
8,26,32	50
8,26,33	13
8,26,34	15
8,26,35	32
8,26,36	31
8,26,38	10
8,26,39	14
8,26,40	29
8,26,41	10
8,26,43	35
8,26,46	14
8,26,47	17
8,26,48	12
8,26,51	34
8,26,52	21
8,26,53	21
8,26,55	16
8,26,57	13
8,26,58	28
8,26,59	24
8,26,60	14
8,26,61	18
8,26,63	12
8,26,64	19
8,26,66	20
8,26,70	16
8,26,71	15
8,26,73	13
8,26,74	12
8,26,75	15
8,26,79	17
8,26,91	11
8,26,93	10
8,26,98	10
8,27,106	14
8,27,28	17
8,27,30	26
8,27,31	22
8,27,32	35
8,27,33	22
8,27,34	23
8,27,35	24
8,27,36	28
8,27,39	18
8,27,40	44
8,27,42	10
8,27,43	61
8,27,44	10
8,27,46	16
8,27,47	17
8,27,48	12
8,27,51	34
8,27,52	23
8,27,53	20
8,27,55	25
8,27,57	19
8,27,58	26
8,27,59	25
8,27,60	14
8,27,61	58
8,27,63	10
8,27,64	27
8,27,66	47
8,27,68	14
8,27,69	12
8,27,70	17
8,27,71	18
8,27,72	10
8,27,73	12
8,27,75	17
8,27,79	28
8,27,91	16
8,27,93	18
8,27,94	18
8,27,98	14
8,28,30	10
8,28,31	10
8,28,32	12
8,28,33	10
8,28,34	28
8,28,40	12
8,28,43	29
8,28,53	11
8,28,57	10
8,28,61	25
8,28,66	16
8,28,75	13
8,29,32	11
8,29,43	12
8,29,58	11
8,30,106	11
8,30,31	29
8,30,32	34
8,30,33	27
8,30,34	14
8,30,35	24
8,30,36	25
8,30,39	11
8,30,40	37
8,30,42	11
8,30,43	79
8,30,46	12
8,30,47	19
8,30,51	30
8,30,52	26
8,30,53	14
8,30,55	22
8,30,57	17
8,30,58	18
8,30,59	39
8,30,60	21
8,30,61	34
8,30,63	13
8,30,64	11
8,30,66	37
8,30,70	17
8,30,71	10
8,30,74	14
8,30,75	20
8,30,79	22
8,30,93	16
8,30,94	16
8,31,118	11
8,31,124	15
8,31,32	33
8,31,33	17
8,31,34	21
8,31,35	28
8,31,36	20
8,31,39	12
8,31,40	39
8,31,42	12
8,31,43	50
8,31,46	14
8,31,47	13
8,31,51	35
8,31,52	27
8,31,53	26
8,31,55	22
8,31,57	14
8,31,58	16
8,31,59	28
8,31,60	16
8,31,61	30
8,31,63	11
8,31,64	12
8,31,66	34
8,31,69	10
8,31,71	12
8,31,75	14
8,31,79	25
8,31,91	18
8,31,93	14
8,31,98	16
8,32,106	10
8,32,110	16
8,32,124	18
8,32,141	10
8,32,33	35
8,32,34	37
8,32,35	60
8,32,36	47
8,32,37	12
8,32,38	24
8,32,39	19
8,32,40	81
8,32,41	25
8,32,42	17
8,32,43	80
8,32,44	10
8,32,45	14
8,32,46	27
8,32,47	26
8,32,48	25
8,32,50	30
8,32,51	66
8,32,52	50
8,32,53	67
8,32,54	12
8,32,55	20
8,32,57	23
8,32,58	46
8,32,59	42
8,32,60	21
8,32,61	54
8,32,63	12
8,32,64	36
8,32,66	51
8,32,68	20
8,32,70	18
8,32,71	23
8,32,73	13
8,32,74	18
8,32,75	16
8,32,76	12
8,32,78	17
8,32,79	29
8,32,80	12
8,32,81	10
8,32,83	14
8,32,86	14
8,32,91	21
8,32,92	10
8,32,93	21
8,32,98	22
8,32,99	15
8,33,124	14
8,33,34	18
8,33,35	20
8,33,36	20
8,33,39	10
8,33,40	27
8,33,43	59
8,33,46	12
8,33,47	12
8,33,48	11
8,33,50	12
8,33,51	30
8,33,52	20
8,33,53	15
8,33,55	14
8,33,58	22
8,33,59	29
8,33,60	15
8,33,61	41
8,33,63	12
8,33,66	39
8,33,71	10
8,33,74	10
8,33,75	13
8,33,79	27
8,33,93	13
8,34,140	10
8,34,35	22
8,34,40	26
8,34,43	34
8,34,46	14
8,34,47	10
8,34,51	21
8,34,52	16
8,34,53	13
8,34,55	13
8,34,57	15
8,34,58	20
8,34,59	26
8,34,60	13
8,34,61	31
8,34,66	35
8,34,69	12
8,34,71	13
8,34,73	16
8,34,75	16
8,34,79	18
8,34,90	10
8,34,98	10
8,35,106	17
8,35,124	12
8,35,36	21
8,35,38	12
8,35,39	21
8,35,40	42
8,35,41	19
8,35,43	64
8,35,46	24
8,35,47	16
8,35,48	14
8,35,50	13
8,35,51	48
8,35,52	38
8,35,53	37
8,35,54	11
8,35,55	20
8,35,57	14
8,35,58	32
8,35,59	26
8,35,60	20
8,35,61	44
8,35,63	16
8,35,64	26
8,35,66	47
8,35,68	15
8,35,69	21
8,35,70	13
8,35,71	22
8,35,73	14
8,35,74	11
8,35,75	19
8,35,79	42
8,35,84	11
8,35,86	13
8,35,91	19
8,35,93	15
8,35,94	11
8,35,98	18
8,35,99	10
8,36,124	14
8,36,126	11
8,36,39	11
8,36,40	38
8,36,43	57
8,36,46	10
8,36,47	19
8,36,51	30
8,36,52	40
8,36,53	21
8,36,54	14
8,36,55	13
8,36,57	12
8,36,58	23
8,36,59	28
8,36,60	12
8,36,61	28
8,36,63	10
8,36,64	15
8,36,66	29
8,36,69	15
8,36,70	10
8,36,73	10
8,36,75	14
8,36,78	11
8,36,79	18
8,36,91	12
8,36,93	15
8,36,98	13
8,37,40	10
8,37,43	12
8,38,40	14
8,38,46	10
8,38,53	10
8,39,40	19
8,39,43	31
8,39,51	19
8,39,52	16
8,39,53	17
8,39,55	10
8,39,58	10
8,39,59	11
8,39,61	29
8,39,64	20
8,39,66	15
8,39,71	11
8,39,79	10
8,39,93	11
8,39,98	11
8,40,106	12
8,40,110	12
8,40,124	15
8,40,41	18
8,40,42	13
8,40,43	56
8,40,45	10
8,40,46	18
8,40,47	28
8,40,48	17
8,40,50	12
8,40,51	56
8,40,52	47
8,40,53	45
8,40,55	25
8,40,57	25
8,40,58	29
8,40,59	31
8,40,60	23
8,40,61	41
8,40,63	16
8,40,64	22
8,40,66	41
8,40,68	10
8,40,69	13
8,40,71	23
8,40,72	11
8,40,73	10
8,40,74	10
8,40,75	18
8,40,78	11
8,40,79	23
8,40,80	10
8,40,86	17
8,40,91	14
8,40,93	11
8,40,98	19
8,41,43	20
8,41,51	16
8,41,53	12
8,41,58	12
8,41,66	13
8,41,71	15
8,41,79	14
8,42,43	27
8,42,51	14
8,42,53	14
8,42,58	11
8,42,59	11
8,42,61	15
8,42,75	10
8,42,79	17
8,43,106	23
8,43,113	13
8,43,116	10
8,43,118	18
8,43,122	11
8,43,124	31
8,43,126	16
8,43,127	13
8,43,132	11
8,43,140	13
8,43,141	10
8,43,152	13
8,43,44	13
8,43,45	12
8,43,46	20
8,43,47	38
8,43,48	24
8,43,50	12
8,43,51	76
8,43,52	56
8,43,53	52
8,43,54	12
8,43,55	39
8,43,57	35
8,43,58	48
8,43,59	67
8,43,60	36
8,43,61	93
8,43,63	19
8,43,64	24
8,43,66	84
8,43,68	13
8,43,69	32
8,43,70	21
8,43,71	21
8,43,72	15
8,43,73	23
8,43,74	18
8,43,75	44
8,43,79	61
8,43,80	10
8,43,86	17
8,43,88	10
8,43,90	14
8,43,91	26
8,43,92	13
8,43,93	47
8,43,94	41
8,43,98	31
8,43,99	23
8,46,47	12
8,46,51	19
8,46,52	11
8,46,53	18
8,46,55	11
8,46,58	13
8,46,61	27
8,46,64	10
8,46,66	18
8,46,79	14
8,47,48	13
8,47,51	17
8,47,52	12
8,47,53	14
8,47,55	10
8,47,57	11
8,47,58	18
8,47,59	17
8,47,61	31
8,47,64	10
8,47,66	18
8,48,51	17
8,48,59	12
8,48,61	15
8,48,66	13
8,48,79	10
8,48,86	12
8,50,51	10
8,50,52	12
8,50,53	12
8,50,66	18
8,51,106	11
8,51,110	11
8,51,124	17
8,51,126	10
8,51,127	11
8,51,140	10
8,51,52	44
8,51,53	32
8,51,55	26
8,51,57	24
8,51,58	27
8,51,59	33
8,51,60	24
8,51,61	50
8,51,63	13
8,51,64	28
8,51,66	44
8,51,69	19
8,51,70	12
8,51,71	19
8,51,73	13
8,51,74	13
8,51,75	19
8,51,79	29
8,51,86	12
8,51,91	16
8,51,93	12
8,51,98	31
8,51,99	10
8,52,124	10
8,52,53	35
8,52,55	15
8,52,57	14
8,52,58	21
8,52,59	27
8,52,60	15
8,52,61	23
8,52,63	10
8,52,64	15
8,52,66	40
8,52,69	12
8,52,71	18
8,52,75	10
8,52,79	22
8,52,86	15
8,52,91	14
8,52,93	17
8,52,98	13
8,53,110	10
8,53,55	17
8,53,57	22
8,53,58	35
8,53,59	17
8,53,60	15
8,53,61	26
8,53,64	19
8,53,66	41
8,53,68	12
8,53,70	14
8,53,71	17
8,53,75	15
8,53,78	12
8,53,79	15
8,53,86	10
8,53,91	15
8,53,93	10
8,53,98	16
8,55,105	15
8,55,124	10
8,55,57	14
8,55,59	21
8,55,61	26
8,55,64	12
8,55,66	25
8,55,75	12
8,55,79	15
8,55,93	11
8,55,99	14
8,57,58	28
8,57,59	20
8,57,61	24
8,57,66	27
8,57,68	10
8,57,70	12
8,57,71	10
8,57,75	11
8,57,79	16
8,57,80	11
8,57,93	13
8,58,127	13
8,58,59	26
8,58,60	17
8,58,61	39
8,58,64	14
8,58,66	33
8,58,69	16
8,58,70	16
8,58,71	14
8,58,73	11
8,58,79	26
8,58,91	11
8,58,93	15
8,58,98	15
8,59,118	12
8,59,124	12
8,59,60	15
8,59,61	45
8,59,63	12
8,59,64	13
8,59,66	34
8,59,70	13
8,59,73	13
8,59,75	15
8,59,79	31
8,59,91	13
8,59,93	15
8,59,94	12
8,59,98	14
8,60,61	42
8,60,64	12
8,60,66	19
8,60,79	12
8,61,106	20
8,61,124	17
8,61,127	12
8,61,141	10
8,61,63	15
8,61,64	26
8,61,66	56
8,61,69	26
8,61,70	15
8,61,71	26
8,61,73	26
8,61,75	19
8,61,76	10
8,61,78	13
8,61,79	38
8,61,86	17
8,61,91	16
8,61,92	10
8,61,93	27
8,61,94	19
8,61,98	27
8,61,99	11
8,63,79	11
8,64,66	17
8,64,71	17
8,64,79	11
8,64,98	11
8,66,106	21
8,66,118	10
8,66,124	17
8,66,68	16
8,66,69	21
8,66,70	11
8,66,71	21
8,66,73	19
8,66,74	13
8,66,75	18
8,66,79	24
8,66,86	11
8,66,90	13
8,66,91	17
8,66,93	27
8,66,94	15
8,66,98	18
8,66,99	10
8,68,79	10
8,69,71	13
8,69,73	10
8,69,79	10
8,69,98	12
8,71,106	10
8,71,79	12
8,71,98	14
8,73,79	15
8,74,79	10
8,75,126	12
8,75,79	10
8,75,93	10
8,79,106	15
8,79,118	10
8,79,124	12
8,79,91	13
8,79,93	15
8,79,94	14
8,79,98	10
8,9,10	39
8,9,106	13
8,9,118	13
8,9,12	133
8,9,124	11
8,9,14	24
8,9,15	44
8,9,16	11
8,9,18	61
8,9,20	24
8,9,22	10
8,9,24	34
8,9,25	45
8,9,26	32
8,9,27	48
8,9,28	12
8,9,30	29
8,9,31	33
8,9,32	49
8,9,33	25
8,9,34	25
8,9,35	47
8,9,36	26
8,9,39	26
8,9,40	50
8,9,41	11
8,9,42	15
8,9,43	88
8,9,46	21
8,9,47	20
8,9,48	11
8,9,51	55
8,9,52	36
8,9,53	33
8,9,55	25
8,9,57	30
8,9,58	32
8,9,59	31
8,9,60	19
8,9,61	59
8,9,63	17
8,9,64	28
8,9,66	53
8,9,69	14
8,9,71	19
8,9,73	16
8,9,74	12
8,9,75	17
8,9,76	10
8,9,79	37
8,9,90	11
8,9,91	22
8,9,93	22
8,9,94	15
8,9,98	22
8,9,99	13
8,91,98	12
8,93,98	11
8,98,106	13
9,10,12	24
9,10,18	13
9,10,24	10
9,10,25	11
9,10,31	10
9,10,35	18
9,10,39	10
9,10,43	18
9,10,51	11
9,10,52	12
9,10,53	11
9,10,61	14
9,10,64	10
9,10,66	13
9,12,106	13
9,12,118	14
9,12,124	12
9,12,132	10
9,12,14	18
9,12,15	40
9,12,18	50
9,12,19	14
9,12,20	19
9,12,24	26
9,12,25	30
9,12,26	24
9,12,27	33
9,12,30	23
9,12,31	36
9,12,32	46
9,12,33	28
9,12,34	24
9,12,35	43
9,12,36	15
9,12,39	32
9,12,40	46
9,12,41	10
9,12,42	10
9,12,43	80
9,12,46	19
9,12,47	20
9,12,48	10
9,12,50	10
9,12,51	36
9,12,52	37
9,12,53	29
9,12,54	12
9,12,55	29
9,12,57	19
9,12,58	26
9,12,59	37
9,12,60	19
9,12,61	55
9,12,63	19
9,12,64	27
9,12,66	39
9,12,69	14
9,12,70	11
9,12,71	26
9,12,73	13
9,12,75	16
9,12,79	33
9,12,91	19
9,12,92	12
9,12,93	21
9,12,94	17
9,12,98	21
9,12,99	10
9,14,15	13
9,14,24	13
9,14,26	13
9,14,32	10
9,14,35	10
9,14,40	13
9,14,43	10
9,14,51	11
9,14,58	12
9,14,79	11
9,15,18	15
9,15,20	10
9,15,24	10
9,15,25	16
9,15,26	15
9,15,27	15
9,15,32	11
9,15,35	11
9,15,40	14
9,15,43	21
9,15,51	17
9,15,52	11
9,15,55	10
9,15,57	10
9,15,58	11
9,15,61	20
9,15,66	14
9,18,24	10
9,18,25	23
9,18,26	15
9,18,30	14
9,18,31	14
9,18,32	35
9,18,33	15
9,18,35	16
9,18,36	21
9,18,39	17
9,18,40	27
9,18,43	32
9,18,47	14
9,18,48	10
9,18,50	12
9,18,51	27
9,18,52	14
9,18,53	16
9,18,55	12
9,18,58	15
9,18,61	13
9,18,64	15
9,18,66	13
9,18,75	10
9,18,79	10
9,18,98	11
9,19,43	12
9,20,25	11
9,20,27	10
9,20,32	16
9,20,43	16
9,24,27	12
9,24,31	10
9,24,32	20
9,24,35	18
9,24,40	15
9,24,41	10
9,24,43	17
9,24,47	11
9,24,51	17
9,24,52	12
9,24,59	10
9,24,61	12
9,24,64	10
9,24,66	13
9,24,71	12
9,24,79	11
9,25,26	10
9,25,27	11
9,25,31	10
9,25,32	26
9,25,35	19
9,25,36	17
9,25,40	10
9,25,43	22
9,25,51	22
9,25,53	14
9,25,58	14
9,25,61	13
9,25,79	14
9,26,32	13
9,26,35	11
9,26,40	11
9,26,43	15
9,26,47	10
9,26,51	12
9,26,53	12
9,26,58	11
9,26,59	10
9,26,61	11
9,26,64	10
9,27,35	12
9,27,39	11
9,27,40	15
9,27,43	22
9,27,51	18
9,27,53	10
9,27,57	11
9,27,58	11
9,27,61	22
9,27,64	12
9,27,66	10
9,30,40	10
9,30,43	23
9,30,61	10
9,31,32	17
9,31,35	12
9,31,40	13
9,31,43	16
9,31,51	14
9,31,52	15
9,31,53	12
9,31,59	13
9,31,61	12
9,31,66	16
9,31,79	13
9,31,91	12
9,32,33	14
9,32,34	11
9,32,35	25
9,32,36	11
9,32,40	23
9,32,43	28
9,32,46	12
9,32,47	15
9,32,50	12
9,32,51	29
9,32,52	18
9,32,53	20
9,32,57	10
9,32,58	15
9,32,59	13
9,32,61	11
9,32,64	11
9,32,66	14
9,32,79	15
9,32,91	14
9,33,43	16
9,33,61	15
9,33,66	12
9,33,79	11
9,34,35	10
9,34,43	13
9,35,39	11
9,35,40	17
9,35,43	26
9,35,46	14
9,35,51	17
9,35,52	18
9,35,53	14
9,35,57	12
9,35,58	12
9,35,61	18
9,35,64	10
9,35,66	18
9,35,79	19
9,36,43	16
9,36,51	10
9,36,52	11
9,39,43	14
9,39,64	14
9,39,79	10
9,40,43	24
9,40,46	13
9,40,47	12
9,40,51	25
9,40,52	13
9,40,53	14
9,40,57	11
9,40,58	14
9,40,61	13
9,40,66	13
9,40,79	14
9,43,106	10
9,43,47	11
9,43,51	25
9,43,52	16
9,43,53	25
9,43,55	13
9,43,57	10
9,43,58	14
9,43,59	18
9,43,61	30
9,43,63	11
9,43,64	15
9,43,66	26
9,43,70	11
9,43,75	10
9,43,79	21
9,43,90	10
9,43,93	13
9,43,94	14
9,43,98	11
9,46,53	11
9,46,61	13
9,47,61	11
9,51,52	20
9,51,53	18
9,51,55	10
9,51,57	16
9,51,58	10
9,51,61	15
9,51,64	13
9,51,66	17
9,51,69	12
9,51,75	11
9,51,79	13
9,51,91	10
9,51,98	14
9,52,53	14
9,52,61	11
9,52,64	10
9,52,66	13
9,52,79	12
9,52,91	10
9,53,58	10
9,53,61	18
9,53,66	13
9,55,61	10
9,57,58	12
9,58,61	10
9,58,66	10
9,58,79	12
9,59,61	13
9,59,79	10
9,60,61	10
9,61,64	16
9,61,66	19
9,61,79	12
9,64,66	16
9,66,71	10
9,71,98	10
