1,10,12,18,34,61,66	3
1,10,12,27,35,43,75	3
1,10,12,27,43,51,106	3
1,10,12,27,43,61,106	3
1,10,12,27,43,61,66	3
1,10,12,27,43,61,79	3
1,10,12,27,43,66,69	3
1,10,12,27,43,66,75	3
1,10,12,27,43,69,75	3
1,10,12,31,33,61,66	3
1,12,15,25,57,58,142	3
1,12,18,32,36,43,58	3
1,12,20,32,35,43,51	3
1,12,25,35,43,58,79	3
1,12,26,30,36,43,74	3
1,12,27,30,33,43,66	3
1,12,27,35,43,61,79	3
1,12,27,35,43,61,91	3
1,12,27,35,43,64,79	3
1,12,27,35,43,79,91	3
1,12,27,35,61,79,91	3
1,12,27,43,61,79,91	3
1,12,32,35,43,61,79	3
1,12,35,43,61,79,91	3
1,15,25,43,57,58,142	3
1,15,30,33,43,51,66	3
1,2,5,12,27,43,79	3
1,2,5,12,35,43,75	3
1,2,5,12,43,61,106	3
1,2,5,6,8,12,27	3
1,2,5,6,8,12,43	3
1,2,6,8,12,35,43	3
1,2,6,8,12,40,43	3
1,27,35,43,61,79,91	3
1,3,10,12,27,43,61	3
1,3,5,10,12,43,106	3
1,3,5,6,10,12,106	3
1,3,5,6,10,12,43	3
1,3,5,6,10,43,106	3
1,3,5,6,12,15,106	3
1,3,5,6,12,43,106	3
1,3,5,6,12,61,106	3
1,3,5,6,27,43,51	3
1,3,5,6,8,10,106	3
1,3,5,6,8,10,12	3
1,3,5,6,8,10,43	3
1,3,5,6,8,12,106	4
1,3,5,6,8,12,15	3
1,3,5,6,8,12,43	3
1,3,5,6,8,12,61	3
1,3,5,6,8,15,106	3
1,3,5,6,8,15,43	3
1,3,5,6,8,15,69	3
1,3,5,6,8,27,43	3
1,3,5,6,8,27,51	3
1,3,5,6,8,43,106	3
1,3,5,6,8,43,51	3
1,3,5,6,8,61,106	3
1,3,5,8,10,12,106	3
1,3,5,8,10,12,43	3
1,3,5,8,10,43,106	3
1,3,5,8,12,15,106	3
1,3,5,8,12,43,106	3
1,3,5,8,12,61,106	3
1,3,5,8,27,43,51	3
1,3,6,10,12,27,43	3
1,3,6,10,12,27,61	3
1,3,6,10,12,43,106	3
1,3,6,10,12,43,61	3
1,3,6,10,12,43,66	3
1,3,6,10,12,51,61	3
1,3,6,10,12,61,66	3
1,3,6,10,27,43,61	3
1,3,6,12,27,43,61	3
1,3,6,12,34,43,69	3
1,3,6,8,10,12,106	3
1,3,6,8,10,12,27	3
1,3,6,8,10,12,43	4
1,3,6,8,10,12,51	3
1,3,6,8,10,12,61	4
1,3,6,8,10,12,66	4
1,3,6,8,10,27,43	3
1,3,6,8,10,27,61	3
1,3,6,8,10,43,106	3
1,3,6,8,10,43,61	3
1,3,6,8,10,43,66	3
1,3,6,8,10,51,61	3
1,3,6,8,10,61,66	3
1,3,6,8,12,15,106	3
1,3,6,8,12,27,43	3
1,3,6,8,12,27,61	3
1,3,6,8,12,34,43	3
1,3,6,8,12,34,69	3
1,3,6,8,12,40,79	3
1,3,6,8,12,43,106	3
1,3,6,8,12,43,61	3
1,3,6,8,12,43,66	3
1,3,6,8,12,43,69	3
1,3,6,8,12,51,61	3
1,3,6,8,12,61,106	3
1,3,6,8,12,61,66	3
1,3,6,8,12,61,69	3
1,3,6,8,12,69,140	3
1,3,6,8,27,43,51	3
1,3,6,8,27,43,61	3
1,3,6,8,27,43,69	3
1,3,6,8,34,43,69	3
1,3,8,10,12,27,43	3
1,3,8,10,12,27,61	3
1,3,8,10,12,43,106	3
1,3,8,10,12,43,61	3
1,3,8,10,12,43,66	4
1,3,8,10,12,51,61	3
1,3,8,10,12,61,66	3
1,3,8,10,27,43,61	3
1,3,8,12,27,43,61	3
1,3,8,12,28,43,61	3
1,3,8,12,34,43,69	3
1,3,8,12,43,51,106	3
1,3,8,12,43,61,106	3
1,3,8,12,43,79,106	3
1,5,10,12,27,43,106	3
1,5,10,12,27,43,61	3
1,5,10,12,27,43,66	3
1,5,10,12,27,61,106	3
1,5,10,12,30,43,61	3
1,5,10,12,43,61,106	3
1,5,10,12,43,66,106	3
1,5,10,27,43,61,106	3
1,5,12,18,26,32,36	3
1,5,12,18,32,36,43	3
1,5,12,18,32,36,58	3
1,5,12,18,32,43,58	3
1,5,12,18,36,43,58	3
1,5,12,18,43,58,74	3
1,5,12,26,30,36,43	3
1,5,12,26,30,36,74	3
1,5,12,26,30,43,74	3
1,5,12,26,36,43,74	3
1,5,12,27,30,33,43	3
1,5,12,27,30,33,66	3
1,5,12,27,30,43,61	3
1,5,12,27,30,43,66	3
1,5,12,27,31,61,66	3
1,5,12,27,33,43,66	3
1,5,12,27,35,43,64	3
1,5,12,27,35,43,75	3
1,5,12,27,35,43,79	3
1,5,12,27,35,64,79	3
1,5,12,27,43,61,106	3
1,5,12,27,43,61,79	3
1,5,12,27,43,64,79	3
1,5,12,30,33,43,66	3
1,5,12,30,36,43,74	3
1,5,12,31,43,61,66	3
1,5,12,32,35,43,75	3
1,5,12,32,36,43,58	3
1,5,12,33,43,61,106	3
1,5,12,35,43,58,63	3
1,5,12,35,43,64,79	3
1,5,15,25,57,58,142	3
1,5,18,32,36,43,58	3
1,5,26,30,36,43,74	3
1,5,27,30,33,43,66	3
1,5,27,35,43,64,79	3
1,5,6,10,12,43,106	3
1,5,6,12,15,27,51	3
1,5,6,12,15,43,66	3
1,5,6,12,18,43,61	4
1,5,6,12,27,43,51	3
1,5,6,12,31,61,66	3
1,5,6,12,35,43,75	3
1,5,6,12,40,43,61	3
1,5,6,12,43,51,61	3
1,5,6,12,43,61,106	3
1,5,6,12,43,61,71	3
1,5,6,15,27,43,51	3
1,5,6,27,43,52,79	3
1,5,6,7,8,12,43	3
1,5,6,7,8,12,66	3
1,5,6,8,10,12,106	3
1,5,6,8,10,12,43	3
1,5,6,8,10,43,106	3
1,5,6,8,12,15,106	3
1,5,6,8,12,15,27	3
1,5,6,8,12,15,43	4
1,5,6,8,12,15,66	3
1,5,6,8,12,15,98	3
1,5,6,8,12,18,43	4
1,5,6,8,12,18,51	3
1,5,6,8,12,18,61	3
1,5,6,8,12,25,43	3
1,5,6,8,12,27,43	4
1,5,6,8,12,27,51	3
1,5,6,8,12,27,61	3
1,5,6,8,12,27,66	3
1,5,6,8,12,31,43	3
1,5,6,8,12,31,61	4
1,5,6,8,12,31,66	3
1,5,6,8,12,32,35	3
1,5,6,8,12,32,36	3
1,5,6,8,12,33,43	3
1,5,6,8,12,33,66	3
1,5,6,8,12,35,43	4
1,5,6,8,12,35,52	3
1,5,6,8,12,35,61	3
1,5,6,8,12,35,75	4
1,5,6,8,12,36,43	3
1,5,6,8,12,40,43	3
1,5,6,8,12,40,61	3
1,5,6,8,12,43,106	4
1,5,6,8,12,43,51	4
1,5,6,8,12,43,52	4
1,5,6,8,12,43,61	5
1,5,6,8,12,43,66	4
1,5,6,8,12,43,71	3
1,5,6,8,12,43,75	3
1,5,6,8,12,43,79	3
1,5,6,8,12,43,93	3
1,5,6,8,12,43,94	4
1,5,6,8,12,43,98	3
1,5,6,8,12,51,61	3
1,5,6,8,12,61,106	4
1,5,6,8,12,61,66	3
1,5,6,8,12,61,71	3
1,5,6,8,15,18,27	3
1,5,6,8,15,27,43	3
1,5,6,8,15,27,51	3
1,5,6,8,15,43,51	3
1,5,6,8,15,43,66	3
1,5,6,8,18,33,61	3
1,5,6,8,18,40,61	4
1,5,6,8,18,43,61	3
1,5,6,8,27,43,51	4
1,5,6,8,27,43,52	3
1,5,6,8,27,43,79	3
1,5,6,8,27,52,79	3
1,5,6,8,31,61,66	3
1,5,6,8,32,35,43	3
1,5,6,8,35,43,52	3
1,5,6,8,35,43,75	3
1,5,6,8,40,43,61	3
1,5,6,8,43,51,61	3
1,5,6,8,43,52,79	3
1,5,6,8,43,61,106	3
1,5,6,8,43,61,71	3
1,5,6,8,9,12,31	3
1,5,6,8,9,12,43	4
1,5,6,8,9,12,52	4
1,5,6,8,9,12,61	3
1,5,6,8,9,12,93	3
1,5,6,8,9,12,94	3
1,5,6,8,9,32,52	3
1,5,6,8,9,35,52	3
1,5,6,8,9,43,52	4
1,5,6,9,12,43,52	3
1,5,8,10,12,27,43	3
1,5,8,10,12,43,106	3
1,5,8,10,12,43,61	3
1,5,8,10,12,43,66	3
1,5,8,12,15,43,66	3
1,5,8,12,15,51,66	3
1,5,8,12,15,61,66	3
1,5,8,12,15,61,69	3
1,5,8,12,18,26,32	3
1,5,8,12,18,26,36	3
1,5,8,12,18,30,43	5
1,5,8,12,18,32,36	3
1,5,8,12,18,32,43	3
1,5,8,12,18,33,43	3
1,5,8,12,18,33,61	3
1,5,8,12,18,36,43	3
1,5,8,12,18,40,43	3
1,5,8,12,18,40,61	3
1,5,8,12,18,43,61	4
1,5,8,12,18,43,71	3
1,5,8,12,25,35,43	3
1,5,8,12,25,35,63	3
1,5,8,12,25,43,58	3
1,5,8,12,25,43,79	3
1,5,8,12,25,43,94	3
1,5,8,12,26,30,36	3
1,5,8,12,26,30,43	3
1,5,8,12,26,30,74	3
1,5,8,12,26,32,36	4
1,5,8,12,26,36,43	3
1,5,8,12,26,36,74	3
1,5,8,12,26,43,74	3
1,5,8,12,27,30,43	3
1,5,8,12,27,35,43	3
1,5,8,12,27,43,51	3
1,5,8,12,27,43,52	3
1,5,8,12,27,43,61	4
1,5,8,12,27,43,66	3
1,5,8,12,27,43,79	3
1,5,8,12,27,43,93	3
1,5,8,12,27,43,94	3
1,5,8,12,28,30,43	3
1,5,8,12,30,33,43	3
1,5,8,12,30,36,43	3
1,5,8,12,30,36,74	3
1,5,8,12,30,43,51	3
1,5,8,12,30,43,61	3
1,5,8,12,30,43,66	3
1,5,8,12,30,43,74	3
1,5,8,12,31,61,66	3
1,5,8,12,32,36,43	3
1,5,8,12,33,43,54	3
1,5,8,12,34,61,66	3
1,5,8,12,35,43,52	4
1,5,8,12,35,43,63	3
1,5,8,12,35,43,68	3
1,5,8,12,35,43,75	4
1,5,8,12,35,43,79	3
1,5,8,12,36,43,74	3
1,5,8,12,40,43,61	3
1,5,8,12,43,51,61	3
1,5,8,12,43,61,106	3
1,5,8,12,43,61,71	3
1,5,8,12,43,61,79	3
1,5,8,12,43,66,71	3
1,5,8,12,43,66,94	3
1,5,8,12,43,79,94	3
1,5,8,15,25,57,142	3
1,5,8,15,25,57,58	3
1,5,8,15,25,58,142	3
1,5,8,15,27,43,51	3
1,5,8,15,43,57,58	3
1,5,8,15,57,58,142	3
1,5,8,18,26,32,36	3
1,5,8,18,33,40,61	3
1,5,8,25,43,58,79	3
1,5,8,25,57,58,142	3
1,5,8,26,30,36,43	3
1,5,8,26,30,36,74	3
1,5,8,26,30,43,74	3
1,5,8,26,32,43,58	3
1,5,8,26,36,43,74	3
1,5,8,27,35,43,52	3
1,5,8,27,35,43,79	3
1,5,8,27,43,52,79	3
1,5,8,30,33,51,66	3
1,5,8,30,36,43,74	3
1,5,8,31,34,57,66	3
1,5,8,35,43,58,79	3
1,5,8,9,12,18,43	3
1,5,8,9,12,27,61	3
1,5,8,9,12,31,43	3
1,5,8,9,12,43,52	4
1,5,8,9,12,43,61	3
1,5,8,9,12,43,79	3
1,5,8,9,12,43,94	3
1,5,8,9,15,57,58	3
1,5,8,9,27,43,79	3
1,5,8,9,43,58,79	3
1,5,8,9,43,79,94	3
1,6,10,12,27,43,61	4
1,6,12,27,34,61,66	3
1,6,12,27,43,51,106	3
1,6,12,27,43,51,94	3
1,6,12,32,43,51,61	3
1,6,12,32,43,61,79	4
1,6,12,33,43,51,66	3
1,6,12,40,43,51,61	3
1,6,12,40,51,61,79	3
1,6,12,43,51,61,79	3
1,6,27,35,43,59,79	3
1,6,8,10,12,15,43	3
1,6,8,10,12,27,43	4
1,6,8,10,12,27,61	5
1,6,8,10,12,40,61	3
1,6,8,10,12,43,106	3
1,6,8,10,12,43,61	4
1,6,8,10,12,43,66	3
1,6,8,10,12,51,61	3
1,6,8,10,12,61,66	3
1,6,8,10,12,61,79	3
1,6,8,10,27,43,61	4
1,6,8,12,15,27,43	3
1,6,8,12,15,43,66	3
1,6,8,12,18,40,43	3
1,6,8,12,18,43,61	3
1,6,8,12,24,43,61	3
1,6,8,12,24,43,66	3
1,6,8,12,27,34,61	3
1,6,8,12,27,34,66	3
1,6,8,12,27,43,51	3
1,6,8,12,27,43,61	4
1,6,8,12,27,43,66	3
1,6,8,12,27,43,79	3
1,6,8,12,27,43,94	3
1,6,8,12,27,61,66	3
1,6,8,12,30,43,66	3
1,6,8,12,31,43,61	3
1,6,8,12,31,61,66	3
1,6,8,12,32,35,43	5
1,6,8,12,32,35,61	3
1,6,8,12,32,43,51	3
1,6,8,12,32,43,61	4
1,6,8,12,32,43,79	3
1,6,8,12,32,51,61	3
1,6,8,12,32,61,79	3
1,6,8,12,33,43,51	3
1,6,8,12,33,43,61	3
1,6,8,12,33,43,66	3
1,6,8,12,33,51,66	3
1,6,8,12,33,61,71	3
1,6,8,12,34,43,66	3
1,6,8,12,34,43,69	3
1,6,8,12,34,61,66	3
1,6,8,12,35,40,43	4
1,6,8,12,35,43,61	3
1,6,8,12,35,43,75	3
1,6,8,12,35,43,79	4
1,6,8,12,40,43,51	3
1,6,8,12,40,43,61	4
1,6,8,12,40,43,79	3
1,6,8,12,40,51,61	4
1,6,8,12,40,51,79	3
1,6,8,12,40,61,79	3
1,6,8,12,43,51,61	6
1,6,8,12,43,51,66	3
1,6,8,12,43,51,79	3
1,6,8,12,43,52,79	3
1,6,8,12,43,61,106	3
1,6,8,12,43,61,66	4
1,6,8,12,43,61,71	3
1,6,8,12,43,61,79	4
1,6,8,12,51,61,66	3
1,6,8,12,51,61,79	4
1,6,8,15,27,43,51	3
1,6,8,27,34,57,61	3
1,6,8,27,34,61,66	3
1,6,8,27,35,43,59	3
1,6,8,27,35,43,79	3
1,6,8,27,35,59,79	3
1,6,8,27,43,52,79	3
1,6,8,27,43,59,79	3
1,6,8,32,35,43,79	3
1,6,8,32,43,51,61	3
1,6,8,32,43,51,79	3
1,6,8,32,43,61,79	3
1,6,8,33,43,51,66	3
1,6,8,35,43,59,79	3
1,6,8,40,43,51,61	3
1,6,8,40,51,61,79	3
1,6,8,43,51,52,79	3
1,6,8,43,51,61,79	3
1,6,8,9,12,27,61	3
1,6,8,9,12,32,35	3
1,6,8,9,12,32,43	4
1,6,8,9,12,32,61	3
1,6,8,9,12,35,43	3
1,6,8,9,12,43,51	3
1,6,8,9,12,43,52	3
1,6,8,9,12,43,61	5
1,6,8,9,12,43,79	3
1,6,8,9,12,51,61	3
1,6,8,9,12,61,66	3
1,6,8,9,12,61,79	3
1,6,8,9,27,43,79	3
1,6,8,9,32,35,43	4
1,6,8,9,32,35,79	3
1,6,8,9,32,43,51	3
1,6,8,9,32,43,61	3
1,6,8,9,32,43,79	3
1,6,8,9,35,43,79	3
1,6,8,9,43,51,61	3
1,6,8,9,43,51,79	3
1,6,8,9,43,61,79	3
1,6,9,12,32,35,43	3
1,6,9,12,32,43,61	3
1,6,9,12,43,51,61	3
1,6,9,12,43,61,79	3
1,6,9,32,35,43,79	3
1,8,10,12,18,34,61	3
1,8,10,12,18,34,66	3
1,8,10,12,18,61,66	3
1,8,10,12,18,61,73	3
1,8,10,12,27,43,61	4
1,8,10,12,27,43,66	3
1,8,10,12,27,43,69	3
1,8,10,12,27,66,69	3
1,8,10,12,34,61,66	4
1,8,10,12,40,51,61	3
1,8,10,12,43,66,69	3
1,8,10,12,51,61,66	3
1,8,10,18,34,61,66	3
1,8,10,27,43,66,69	3
1,8,12,15,25,43,93	3
1,8,12,15,25,57,142	3
1,8,12,15,25,57,58	3
1,8,12,15,25,58,142	3
1,8,12,15,33,43,66	3
1,8,12,15,57,58,142	3
1,8,12,16,25,43,79	3
1,8,12,18,26,32,36	3
1,8,12,18,28,30,43	3
1,8,12,18,34,51,66	3
1,8,12,18,34,61,66	3
1,8,12,18,40,51,61	3
1,8,12,25,35,43,58	3
1,8,12,25,35,43,79	3
1,8,12,25,35,58,79	3
1,8,12,25,43,58,79	4
1,8,12,25,57,58,142	3
1,8,12,26,30,36,43	3
1,8,12,26,30,36,74	3
1,8,12,26,30,43,74	3
1,8,12,26,36,43,74	3
1,8,12,27,28,43,61	3
1,8,12,27,34,61,66	3
1,8,12,27,35,43,79	3
1,8,12,27,43,61,79	3
1,8,12,27,43,66,69	3
1,8,12,27,43,72,94	3
1,8,12,30,36,43,74	3
1,8,12,31,34,61,66	3
1,8,12,32,35,43,79	3
1,8,12,32,43,51,61	3
1,8,12,32,43,51,79	3
1,8,12,32,43,61,79	3
1,8,12,33,43,51,66	3
1,8,12,35,43,58,79	3
1,8,12,35,43,61,79	3
1,8,12,40,43,51,61	3
1,8,12,40,51,61,79	3
1,8,12,43,51,61,79	3
1,8,15,25,43,57,142	3
1,8,15,25,43,57,58	3
1,8,15,25,43,58,142	3
1,8,15,25,57,58,142	4
1,8,15,26,43,57,58	3
1,8,15,26,51,57,58	3
1,8,15,26,57,58,83	3
1,8,15,30,33,43,51	4
1,8,15,30,33,43,66	3
1,8,15,30,33,51,66	3
1,8,15,30,43,51,66	3
1,8,15,33,43,51,66	3
1,8,15,33,43,66,94	3
1,8,15,43,57,58,142	3
1,8,15,43,57,58,79	3
1,8,25,35,43,58,79	3
1,8,25,43,57,58,142	3
1,8,25,43,58,79,94	3
1,8,26,30,36,43,74	3
1,8,27,35,43,59,79	3
1,8,30,33,43,51,66	3
1,8,32,35,43,51,79	3
1,8,9,12,15,25,43	3
1,8,9,12,15,25,93	3
1,8,9,12,15,43,93	3
1,8,9,12,25,43,93	3
1,8,9,12,27,43,61	3
1,8,9,12,27,43,79	3
1,8,9,12,27,61,79	3
1,8,9,12,32,35,43	3
1,8,9,12,32,43,61	3
1,8,9,12,35,43,61	3
1,8,9,12,35,43,79	3
1,8,9,12,35,61,79	3
1,8,9,12,40,51,79	3
1,8,9,12,43,51,61	3
1,8,9,12,43,61,79	4
1,8,9,12,43,79,94	3
1,8,9,15,25,43,93	3
1,8,9,15,25,57,142	3
1,8,9,15,25,57,58	3
1,8,9,15,25,58,142	3
1,8,9,15,26,57,58	3
1,8,9,15,43,57,58	3
1,8,9,15,43,57,79	3
1,8,9,15,43,58,79	3
1,8,9,15,57,58,142	3
1,8,9,15,57,58,79	3
1,8,9,25,43,58,79	3
1,8,9,25,57,58,142	3
1,8,9,27,35,43,79	3
1,8,9,27,43,61,79	3
1,8,9,32,35,43,79	3
1,8,9,35,43,61,79	3
1,8,9,43,57,58,79	3
1,9,12,15,25,43,93	3
1,9,12,27,43,61,79	3
1,9,12,35,43,61,79	3
1,9,12,39,43,59,98	3
1,9,15,25,57,58,142	3
1,9,15,43,57,58,79	3
10,12,15,27,31,34,61	3
10,12,15,27,31,34,66	3
10,12,15,27,31,61,66	3
10,12,15,27,34,61,66	3
10,12,15,31,34,61,66	3
10,12,18,31,34,61,66	3
10,12,27,30,31,61,66	3
10,12,27,31,34,61,66	3
10,12,27,31,43,61,106	3
10,12,27,31,43,61,66	3
10,12,27,31,43,66,106	3
10,12,27,31,61,66,106	3
10,12,27,34,43,61,66	3
10,12,27,35,43,61,91	3
10,12,27,43,61,66,106	3
10,12,31,43,61,66,106	3
10,12,43,61,66,71,106	3
10,15,18,30,31,57,61	3
10,15,18,30,31,57,66	3
10,15,18,30,31,61,66	3
10,15,18,30,57,61,66	3
10,15,18,31,57,61,66	3
10,15,27,31,34,61,66	3
10,15,30,31,57,61,66	3
10,18,30,31,57,61,66	3
10,27,31,43,61,66,106	3
12,14,15,16,24,43,61	3
12,14,15,16,25,35,43	3
12,14,15,24,26,61,93	3
12,14,15,25,35,43,61	3
12,14,15,25,43,61,69	3
12,15,18,30,43,55,75	3
12,15,24,25,26,35,66	3
12,15,24,25,26,35,93	3
12,15,24,25,26,66,93	3
12,15,24,25,35,66,69	3
12,15,24,25,35,66,93	3
12,15,24,26,35,66,93	3
12,15,24,35,43,61,66	3
12,15,25,26,35,66,93	3
12,15,27,31,34,61,66	3
12,15,27,35,46,61,79	3
12,15,27,55,57,61,66	3
12,15,30,55,61,79,80	3
12,16,25,35,43,58,79	3
12,18,20,30,61,79,80	3
12,18,25,32,36,51,124	3
12,18,26,30,32,36,43	3
12,18,26,30,32,36,58	3
12,18,26,30,32,43,58	3
12,18,26,30,36,40,43	3
12,18,26,30,36,43,58	3
12,18,26,30,43,58,98	3
12,18,26,32,36,40,43	3
12,18,26,32,36,40,58	3
12,18,26,32,36,43,58	4
12,18,26,32,40,43,58	3
12,18,26,36,40,43,58	3
12,18,30,32,36,43,58	3
12,18,32,36,40,43,58	3
12,18,32,40,43,48,58	3
12,24,25,26,35,66,93	3
12,24,25,35,43,61,66	3
12,24,35,43,61,66,91	3
12,24,35,43,61,66,98	3
12,26,30,32,36,43,58	3
12,26,32,36,40,43,58	3
12,27,31,34,57,61,66	3
12,27,31,35,43,66,91	3
12,27,31,43,61,66,106	3
12,27,35,43,61,79,91	3
12,30,32,36,40,43,58	3
12,30,32,36,43,58,98	3
12,43,61,66,69,90,93	3
14,15,16,43,61,93,98	3
14,18,26,32,40,58,66	3
14,24,32,39,46,58,64	3
15,18,30,31,57,61,66	3
15,24,25,26,35,66,93	3
18,26,30,32,36,43,58	3
18,26,32,36,40,43,58	3
2,3,5,25,47,65,77	3
2,3,5,6,25,47,65	3
2,3,5,6,25,47,77	3
2,3,5,6,25,65,77	3
2,3,5,6,47,65,77	3
2,3,6,25,47,65,77	3
2,5,12,35,61,75,106	3
2,5,6,12,40,61,106	3
2,5,6,25,47,65,77	3
2,5,6,8,12,43,61	3
2,5,6,8,12,43,79	3
2,5,6,8,12,52,79	3
2,5,8,12,43,61,106	3
2,5,8,32,40,47,86	3
2,6,8,12,40,43,61	3
26,32,35,43,51,52,58	3
3,10,15,18,30,43,51	3
3,10,15,31,51,61,66	3
3,15,18,43,51,57,61	3
3,5,10,12,27,43,61	3
3,5,12,15,27,28,61	3
3,5,15,26,35,69,98	3
3,5,18,30,43,57,61	3
3,5,6,10,12,27,43	3
3,5,6,10,12,27,61	3
3,5,6,10,12,43,106	3
3,5,6,10,12,43,61	3
3,5,6,10,15,43,66	3
3,5,6,10,27,43,61	3
3,5,6,10,43,51,61	3
3,5,6,12,15,25,66	3
3,5,6,12,15,27,28	3
3,5,6,12,15,27,61	3
3,5,6,12,15,28,61	3
3,5,6,12,15,35,61	3
3,5,6,12,15,43,66	4
3,5,6,12,15,61,66	3
3,5,6,12,15,61,69	3
3,5,6,12,18,43,61	3
3,5,6,12,25,43,61	3
3,5,6,12,25,43,66	3
3,5,6,12,27,28,61	3
3,5,6,12,27,40,61	3
3,5,6,12,27,43,61	3
3,5,6,12,43,66,106	3
3,5,6,15,26,35,69	3
3,5,6,15,26,35,98	3
3,5,6,15,26,69,98	3
3,5,6,15,27,28,61	3
3,5,6,15,30,31,61	3
3,5,6,15,35,69,98	3
3,5,6,15,43,51,57	3
3,5,6,15,43,61,66	3
3,5,6,15,57,61,66	3
3,5,6,15,90,93,98	3
3,5,6,18,25,43,61	3
3,5,6,18,30,43,57	3
3,5,6,18,30,43,61	3
3,5,6,18,30,57,61	3
3,5,6,18,34,43,61	3
3,5,6,18,43,57,61	3
3,5,6,18,43,61,66	3
3,5,6,25,47,65,77	3
3,5,6,26,35,69,98	3
3,5,6,28,31,33,61	3
3,5,6,30,43,57,61	3
3,5,6,8,10,12,106	3
3,5,6,8,10,12,43	3
3,5,6,8,10,15,43	3
3,5,6,8,10,15,66	3
3,5,6,8,10,43,106	3
3,5,6,8,10,43,51	3
3,5,6,8,10,43,61	3
3,5,6,8,10,43,66	3
3,5,6,8,10,51,61	3
3,5,6,8,12,15,106	3
3,5,6,8,12,15,27	3
3,5,6,8,12,15,43	3
3,5,6,8,12,15,61	4
3,5,6,8,12,15,66	4
3,5,6,8,12,15,69	3
3,5,6,8,12,15,98	3
3,5,6,8,12,18,43	3
3,5,6,8,12,18,57	3
3,5,6,8,12,25,43	3
3,5,6,8,12,25,61	3
3,5,6,8,12,25,66	3
3,5,6,8,12,27,61	3
3,5,6,8,12,28,57	3
3,5,6,8,12,43,106	4
3,5,6,8,12,43,61	4
3,5,6,8,12,43,66	4
3,5,6,8,12,57,61	3
3,5,6,8,12,61,106	3
3,5,6,8,12,61,66	3
3,5,6,8,12,61,69	3
3,5,6,8,12,66,106	3
3,5,6,8,15,26,35	3
3,5,6,8,15,26,69	3
3,5,6,8,15,26,98	3
3,5,6,8,15,27,57	3
3,5,6,8,15,35,69	3
3,5,6,8,15,35,98	3
3,5,6,8,15,43,51	3
3,5,6,8,15,43,57	3
3,5,6,8,15,43,61	3
3,5,6,8,15,43,66	4
3,5,6,8,15,43,69	3
3,5,6,8,15,43,98	3
3,5,6,8,15,51,57	3
3,5,6,8,15,57,61	3
3,5,6,8,15,57,66	3
3,5,6,8,15,61,140	3
3,5,6,8,15,61,66	4
3,5,6,8,15,61,69	3
3,5,6,8,15,61,98	3
3,5,6,8,15,69,98	3
3,5,6,8,15,90,93	3
3,5,6,8,15,90,98	3
3,5,6,8,15,93,98	3
3,5,6,8,18,25,43	4
3,5,6,8,18,25,61	3
3,5,6,8,18,25,66	3
3,5,6,8,18,30,43	3
3,5,6,8,18,30,57	3
3,5,6,8,18,30,61	3
3,5,6,8,18,34,43	3
3,5,6,8,18,34,61	3
3,5,6,8,18,43,57	3
3,5,6,8,18,43,61	5
3,5,6,8,18,43,66	4
3,5,6,8,18,57,61	3
3,5,6,8,18,57,66	3
3,5,6,8,18,61,66	3
3,5,6,8,18,66,106	3
3,5,6,8,25,43,61	4
3,5,6,8,25,43,66	3
3,5,6,8,25,61,66	3
3,5,6,8,26,35,69	3
3,5,6,8,26,35,98	3
3,5,6,8,26,69,98	3
3,5,6,8,27,43,51	3
3,5,6,8,27,57,66	3
3,5,6,8,30,43,57	3
3,5,6,8,30,43,61	3
3,5,6,8,30,57,61	3
3,5,6,8,34,43,61	3
3,5,6,8,35,69,98	3
3,5,6,8,43,51,57	3
3,5,6,8,43,51,61	3
3,5,6,8,43,57,61	3
3,5,6,8,43,61,66	4
3,5,6,8,43,61,93	3
3,5,6,8,43,66,106	3
3,5,6,8,57,61,66	3
3,5,6,8,61,72,93	3
3,5,6,8,9,15,98	3
3,5,6,8,9,43,51	3
3,5,6,8,90,93,98	3
3,5,8,10,12,43,106	3
3,5,8,10,15,43,66	3
3,5,8,10,18,57,66	3
3,5,8,10,43,51,61	3
3,5,8,12,15,43,66	3
3,5,8,12,15,61,66	3
3,5,8,12,15,61,69	3
3,5,8,12,25,43,66	3
3,5,8,12,28,34,51	3
3,5,8,12,43,66,106	3
3,5,8,15,26,35,69	3
3,5,8,15,26,35,98	3
3,5,8,15,26,69,98	3
3,5,8,15,35,69,98	3
3,5,8,15,43,51,57	3
3,5,8,15,43,61,66	3
3,5,8,15,57,61,66	3
3,5,8,15,90,93,98	3
3,5,8,18,25,43,61	3
3,5,8,18,30,43,57	3
3,5,8,18,30,43,61	3
3,5,8,18,30,57,61	3
3,5,8,18,34,43,61	3
3,5,8,18,43,51,66	3
3,5,8,18,43,57,61	3
3,5,8,18,43,61,66	3
3,5,8,26,35,69,98	3
3,5,8,30,43,57,61	3
3,6,10,12,27,43,61	4
3,6,10,15,18,30,43	3
3,6,10,15,18,30,51	3
3,6,10,15,18,43,51	3
3,6,10,15,30,43,51	3
3,6,10,15,31,51,61	3
3,6,10,15,31,51,66	3
3,6,10,15,31,61,66	3
3,6,10,15,51,61,66	3
3,6,10,18,30,43,51	3
3,6,10,31,51,61,66	3
3,6,12,15,27,28,61	3
3,6,12,27,28,61,66	3
3,6,12,43,61,66,69	3
3,6,15,18,30,43,51	3
3,6,15,26,35,69,98	3
3,6,15,31,51,61,66	3
3,6,18,30,43,57,61	3
3,6,18,31,43,51,140	3
3,6,8,10,12,27,43	3
3,6,8,10,12,27,61	3
3,6,8,10,12,43,106	3
3,6,8,10,12,43,61	3
3,6,8,10,12,43,66	3
3,6,8,10,12,51,61	3
3,6,8,10,12,61,66	3
3,6,8,10,15,18,30	3
3,6,8,10,15,18,43	3
3,6,8,10,15,18,51	3
3,6,8,10,15,30,43	3
3,6,8,10,15,30,51	3
3,6,8,10,15,43,51	3
3,6,8,10,15,43,66	3
3,6,8,10,18,30,43	3
3,6,8,10,18,30,51	3
3,6,8,10,18,43,51	3
3,6,8,10,27,43,51	3
3,6,8,10,27,43,61	3
3,6,8,10,30,31,61	3
3,6,8,10,30,43,51	3
3,6,8,10,43,51,61	3
3,6,8,10,43,61,66	3
3,6,8,10,51,61,66	3
3,6,8,12,15,43,66	3
3,6,8,12,15,61,66	3
3,6,8,12,15,61,69	3
3,6,8,12,16,43,69	3
3,6,8,12,18,25,43	3
3,6,8,12,18,30,43	3
3,6,8,12,27,28,61	3
3,6,8,12,27,28,66	3
3,6,8,12,27,43,61	3
3,6,8,12,27,61,66	3
3,6,8,12,28,43,61	3
3,6,8,12,28,61,66	3
3,6,8,12,33,43,140	3
3,6,8,12,34,43,61	3
3,6,8,12,34,43,69	3
3,6,8,12,43,47,77	3
3,6,8,12,43,61,66	3
3,6,8,12,43,61,69	3
3,6,8,12,43,66,106	3
3,6,8,12,43,66,69	3
3,6,8,12,61,66,69	3
3,6,8,15,18,30,43	3
3,6,8,15,18,30,51	3
3,6,8,15,18,43,51	3
3,6,8,15,26,35,69	3
3,6,8,15,26,35,98	3
3,6,8,15,26,69,98	3
3,6,8,15,27,43,51	3
3,6,8,15,30,43,51	3
3,6,8,15,35,69,98	3
3,6,8,15,43,51,57	3
3,6,8,15,43,61,66	3
3,6,8,15,57,61,66	3
3,6,8,15,90,93,98	3
3,6,8,16,43,61,66	3
3,6,8,18,25,43,61	3
3,6,8,18,30,43,47	3
3,6,8,18,30,43,51	3
3,6,8,18,30,43,57	3
3,6,8,18,30,43,61	3
3,6,8,18,30,57,61	3
3,6,8,18,34,43,61	3
3,6,8,18,43,57,61	3
3,6,8,18,43,61,66	3
3,6,8,26,35,69,98	3
3,6,8,27,28,61,66	3
3,6,8,28,34,66,69	3
3,6,8,30,43,57,61	3
3,6,8,43,61,66,69	3
3,8,10,12,27,43,61	3
3,8,10,15,18,30,43	3
3,8,10,15,18,30,51	3
3,8,10,15,18,43,51	3
3,8,10,15,30,43,51	3
3,8,10,18,30,43,51	3
3,8,12,15,18,43,61	4
3,8,12,18,30,43,61	3
3,8,12,18,33,51,61	3
3,8,12,18,43,57,61	3
3,8,12,25,34,43,79	3
3,8,12,27,28,61,66	3
3,8,12,28,34,43,66	3
3,8,12,43,61,66,69	4
3,8,15,18,27,30,43	3
3,8,15,18,30,43,51	3
3,8,15,18,30,43,61	3
3,8,15,18,43,51,57	3
3,8,15,18,43,51,61	3
3,8,15,18,43,57,61	3
3,8,15,18,51,57,61	3
3,8,15,26,35,69,98	3
3,8,15,43,51,57,61	3
3,8,18,30,43,57,61	3
3,8,18,43,51,57,61	3
3,8,9,15,43,51,57	3
3,8,9,43,51,61,93	3
5,10,12,15,43,66,106	3
5,10,12,24,43,66,106	3
5,10,12,27,31,43,106	3
5,10,12,27,31,43,61	3
5,10,12,27,31,43,66	3
5,10,12,27,31,61,106	3
5,10,12,27,31,61,66	3
5,10,12,27,31,66,106	3
5,10,12,27,35,43,66	3
5,10,12,27,43,61,106	4
5,10,12,27,43,61,66	3
5,10,12,27,43,66,106	3
5,10,12,27,61,66,106	3
5,10,12,31,43,61,106	3
5,10,12,31,43,61,66	3
5,10,12,31,43,66,106	3
5,10,12,31,61,66,106	3
5,10,12,43,61,66,106	3
5,10,15,31,43,61,66	3
5,10,27,31,43,61,106	3
5,10,27,31,43,61,66	3
5,10,27,31,43,66,106	3
5,10,27,31,61,66,106	3
5,10,27,43,61,66,106	3
5,10,30,31,43,61,66	3
5,10,31,43,61,66,106	3
5,10,31,43,61,66,91	3
5,12,14,15,16,24,43	3
5,12,14,15,16,24,61	3
5,12,14,15,16,43,61	3
5,12,14,15,24,43,61	3
5,12,14,15,43,61,75	3
5,12,14,16,24,43,61	3
5,12,15,16,24,43,61	3
5,12,15,18,30,43,55	3
5,12,15,18,30,43,61	3
5,12,15,18,30,43,75	3
5,12,15,18,30,55,75	3
5,12,15,18,43,55,75	3
5,12,15,24,35,43,61	3
5,12,15,24,35,43,66	3
5,12,15,24,35,61,66	3
5,12,15,24,43,61,66	3
5,12,15,24,43,61,98	3
5,12,15,30,43,55,75	3
5,12,15,35,39,46,61	3
5,12,15,35,43,61,66	3
5,12,15,35,43,61,69	3
5,12,15,43,61,66,69	3
5,12,15,43,61,93,98	3
5,12,16,25,35,43,116	3
5,12,18,26,30,36,43	3
5,12,18,26,30,43,58	3
5,12,18,30,32,36,74	3
5,12,18,30,43,55,75	3
5,12,18,32,36,43,58	3
5,12,24,27,35,61,106	3
5,12,24,31,43,61,66	3
5,12,24,35,43,61,66	4
5,12,24,35,43,61,91	3
5,12,24,35,43,66,91	3
5,12,24,35,61,66,91	3
5,12,24,35,61,79,106	3
5,12,24,43,61,66,91	3
5,12,24,61,75,93,98	3
5,12,25,35,43,58,79	3
5,12,25,35,43,66,69	3
5,12,25,35,43,72,75	3
5,12,26,30,36,43,74	3
5,12,27,30,31,33,61	3
5,12,27,30,33,43,66	3
5,12,27,31,34,61,66	3
5,12,27,31,43,61,106	3
5,12,27,31,43,61,66	3
5,12,27,31,43,66,106	3
5,12,27,31,61,66,106	3
5,12,27,35,43,61,91	3
5,12,27,35,43,64,79	3
5,12,27,35,61,64,79	3
5,12,27,43,61,66,106	3
5,12,30,32,36,43,58	3
5,12,31,43,61,66,106	3
5,12,31,43,61,66,71	3
5,12,31,52,63,91,118	3
5,12,35,43,61,66,91	3
5,12,35,61,71,98,106	3
5,14,15,16,24,43,61	3
5,14,15,16,43,61,66	3
5,14,15,16,43,61,93	3
5,14,15,16,43,61,98	3
5,14,15,16,43,93,98	3
5,14,15,16,61,93,98	3
5,14,15,43,61,93,98	3
5,14,16,43,61,93,98	3
5,15,16,43,61,93,98	3
5,15,18,30,31,43,57	3
5,15,18,30,43,55,75	3
5,15,24,35,43,61,66	3
5,15,43,61,66,91,98	3
5,24,35,43,61,66,91	3
5,27,31,43,61,66,106	3
5,6,10,12,15,43,106	3
5,6,10,12,15,43,66	3
5,6,10,12,15,66,106	3
5,6,10,12,15,66,71	3
5,6,10,12,24,43,47	3
5,6,10,12,27,43,106	3
5,6,10,12,27,43,51	3
5,6,10,12,27,43,61	4
5,6,10,12,27,43,66	3
5,6,10,12,27,51,61	3
5,6,10,12,27,61,106	3
5,6,10,12,43,61,106	3
5,6,10,12,43,66,106	3
5,6,10,15,18,51,66	3
5,6,10,15,31,43,61	3
5,6,10,15,31,43,66	3
5,6,10,15,31,61,66	3
5,6,10,15,43,47,66	3
5,6,10,15,43,61,66	3
5,6,10,15,43,66,106	3
5,6,10,27,43,61,106	3
5,6,10,31,43,61,66	3
5,6,12,14,15,16,24	3
5,6,12,14,15,16,43	3
5,6,12,14,15,16,61	3
5,6,12,14,15,24,43	3
5,6,12,14,15,24,61	3
5,6,12,14,15,43,61	3
5,6,12,14,16,24,43	3
5,6,12,14,16,24,61	3
5,6,12,14,16,43,61	3
5,6,12,14,24,43,61	3
5,6,12,15,16,24,43	3
5,6,12,15,16,24,61	3
5,6,12,15,16,25,43	3
5,6,12,15,16,43,61	3
5,6,12,15,16,43,79	3
5,6,12,15,16,43,98	3
5,6,12,15,18,30,43	3
5,6,12,15,20,24,61	3
5,6,12,15,20,55,61	3
5,6,12,15,24,26,61	3
5,6,12,15,24,35,43	3
5,6,12,15,24,35,61	4
5,6,12,15,24,35,66	3
5,6,12,15,24,43,61	4
5,6,12,15,24,43,66	4
5,6,12,15,24,43,79	3
5,6,12,15,24,43,98	3
5,6,12,15,24,47,106	3
5,6,12,15,24,61,66	3
5,6,12,15,24,61,69	3
5,6,12,15,24,61,79	3
5,6,12,15,24,61,98	3
5,6,12,15,25,35,61	3
5,6,12,15,25,43,66	3
5,6,12,15,25,61,66	3
5,6,12,15,26,35,61	3
5,6,12,15,26,61,98	3
5,6,12,15,27,28,61	3
5,6,12,15,27,30,33	3
5,6,12,15,27,30,66	3
5,6,12,15,27,31,61	3
5,6,12,15,27,35,39	3
5,6,12,15,27,35,47	3
5,6,12,15,27,35,61	3
5,6,12,15,27,39,40	3
5,6,12,15,27,39,53	3
5,6,12,15,27,40,61	3
5,6,12,15,27,43,66	3
5,6,12,15,27,61,106	3
5,6,12,15,27,61,66	3
5,6,12,15,30,43,93	3
5,6,12,15,33,43,66	3
5,6,12,15,33,51,66	3
5,6,12,15,35,39,47	3
5,6,12,15,35,40,61	3
5,6,12,15,35,43,61	3
5,6,12,15,35,43,66	3
5,6,12,15,35,61,106	3
5,6,12,15,35,61,66	3
5,6,12,15,35,61,69	3
5,6,12,15,35,61,79	3
5,6,12,15,35,61,98	3
5,6,12,15,40,61,64	3
5,6,12,15,43,61,66	4
5,6,12,15,43,61,69	3
5,6,12,15,43,61,85	3
5,6,12,15,43,61,98	3
5,6,12,15,43,66,106	3
5,6,12,15,43,66,69	3
5,6,12,15,43,66,91	3
5,6,12,15,43,75,93	3
5,6,12,15,55,61,80	3
5,6,12,15,61,66,69	3
5,6,12,16,24,43,61	3
5,6,12,16,43,75,98	3
5,6,12,18,20,30,43	3
5,6,12,18,30,43,61	3
5,6,12,18,34,43,61	3
5,6,12,18,35,43,75	3
5,6,12,18,36,43,61	3
5,6,12,18,43,54,106	3
5,6,12,18,43,61,79	3
5,6,12,18,61,71,106	3
5,6,12,20,24,43,61	3
5,6,12,24,25,35,61	3
5,6,12,24,35,43,61	3
5,6,12,24,35,43,66	3
5,6,12,24,35,61,106	3
5,6,12,24,35,61,66	3
5,6,12,24,35,61,79	3
5,6,12,24,35,61,98	3
5,6,12,24,43,61,66	4
5,6,12,24,43,61,98	3
5,6,12,24,61,75,93	3
5,6,12,24,61,75,98	3
5,6,12,24,61,93,98	3
5,6,12,24,75,93,98	3
5,6,12,25,43,69,116	3
5,6,12,27,31,34,61	3
5,6,12,27,31,34,66	3
5,6,12,27,31,61,66	3
5,6,12,27,34,61,66	3
5,6,12,27,39,40,61	3
5,6,12,27,40,61,79	3
5,6,12,27,43,51,66	3
5,6,12,27,43,61,106	3
5,6,12,27,51,52,61	3
5,6,12,27,51,61,106	3
5,6,12,27,57,61,66	3
5,6,12,30,35,39,55	3
5,6,12,30,43,61,141	3
5,6,12,30,61,79,80	3
5,6,12,31,34,61,66	3
5,6,12,31,43,61,66	3
5,6,12,31,43,61,71	3
5,6,12,31,43,66,71	3
5,6,12,31,43,91,118	3
5,6,12,31,52,63,118	3
5,6,12,31,52,63,91	4
5,6,12,31,52,91,118	3
5,6,12,31,61,66,71	3
5,6,12,31,63,91,118	3
5,6,12,31,91,98,118	3
5,6,12,33,43,54,61	3
5,6,12,35,40,61,106	3
5,6,12,35,40,61,79	3
5,6,12,35,40,79,106	3
5,6,12,35,43,61,66	3
5,6,12,35,43,61,98	3
5,6,12,35,43,72,75	3
5,6,12,35,61,71,106	3
5,6,12,35,61,71,98	3
5,6,12,35,61,75,98	3
5,6,12,35,61,98,106	4
5,6,12,35,71,98,106	3
5,6,12,39,43,48,72	3
5,6,12,40,61,79,106	3
5,6,12,43,58,61,79	3
5,6,12,43,61,66,69	3
5,6,12,43,61,66,71	3
5,6,12,43,61,71,106	3
5,6,12,43,61,75,98	3
5,6,12,52,63,91,118	3
5,6,12,61,71,98,106	3
5,6,12,61,75,93,98	3
5,6,14,15,16,24,43	3
5,6,14,15,16,24,61	3
5,6,14,15,16,43,61	4
5,6,14,15,16,43,66	3
5,6,14,15,16,43,93	3
5,6,14,15,16,43,98	3
5,6,14,15,16,61,66	3
5,6,14,15,16,61,93	3
5,6,14,15,16,61,98	3
5,6,14,15,16,93,98	3
5,6,14,15,18,30,93	3
5,6,14,15,24,43,61	3
5,6,14,15,43,61,66	3
5,6,14,15,43,61,93	3
5,6,14,15,43,61,98	3
5,6,14,15,43,66,69	3
5,6,14,15,43,66,93	3
5,6,14,15,43,93,98	3
5,6,14,15,61,93,98	3
5,6,14,16,24,43,61	3
5,6,14,16,43,61,66	3
5,6,14,16,43,61,93	3
5,6,14,16,43,61,98	3
5,6,14,16,43,93,98	3
5,6,14,16,61,93,98	3
5,6,14,18,30,61,84	3
5,6,14,24,25,35,116	3
5,6,14,43,61,93,98	3
5,6,15,16,24,43,61	3
5,6,15,16,43,61,66	3
5,6,15,16,43,61,93	3
5,6,15,16,43,61,98	3
5,6,15,16,43,93,98	3
5,6,15,16,61,93,98	3
5,6,15,18,30,43,61	3
5,6,15,18,30,43,93	3
5,6,15,24,35,43,61	3
5,6,15,24,35,43,66	3
5,6,15,24,35,61,66	3
5,6,15,24,43,61,66	3
5,6,15,24,43,61,98	3
5,6,15,26,35,69,98	3
5,6,15,27,35,51,52	3
5,6,15,30,43,51,66	3
5,6,15,31,43,61,66	3
5,6,15,33,43,51,66	3
5,6,15,33,43,66,69	3
5,6,15,35,43,61,66	3
5,6,15,43,51,66,93	3
5,6,15,43,61,66,69	3
5,6,15,43,61,66,91	3
5,6,15,43,61,66,98	3
5,6,15,43,61,91,98	3
5,6,15,43,61,93,98	3
5,6,15,43,66,91,93	3
5,6,15,43,66,91,98	3
5,6,15,61,66,91,98	3
5,6,16,43,61,93,98	3
5,6,18,25,32,36,51	3
5,6,18,30,31,43,51	4
5,6,18,30,43,57,61	3
5,6,24,35,43,61,66	3
5,6,24,61,75,93,98	3
5,6,27,31,34,61,66	3
5,6,31,43,61,66,71	3
5,6,31,52,63,91,118	3
5,6,35,61,71,98,106	3
5,6,43,61,66,91,98	3
5,6,7,12,28,33,35	3
5,6,7,12,28,35,46	3
5,6,7,8,12,18,43	3
5,6,7,8,12,24,43	3
5,6,7,8,12,43,61	3
5,6,7,8,14,24,98	3
5,6,7,8,14,51,98	3
5,6,7,8,18,43,51	3
5,6,7,8,18,43,61	3
5,6,7,8,18,43,75	3
5,6,7,8,43,47,66	3
5,6,7,8,9,18,43	3
5,6,8,10,12,15,106	3
5,6,8,10,12,15,43	3
5,6,8,10,12,15,66	4
5,6,8,10,12,15,71	3
5,6,8,10,12,24,43	3
5,6,8,10,12,24,47	3
5,6,8,10,12,27,106	3
5,6,8,10,12,27,43	3
5,6,8,10,12,27,51	3
5,6,8,10,12,27,61	5
5,6,8,10,12,34,66	3
5,6,8,10,12,43,106	4
5,6,8,10,12,43,47	3
5,6,8,10,12,43,61	3
5,6,8,10,12,43,66	3
5,6,8,10,12,51,52	3
5,6,8,10,12,51,61	4
5,6,8,10,12,61,106	3
5,6,8,10,12,66,106	3
5,6,8,10,12,66,71	3
5,6,8,10,15,18,51	3
5,6,8,10,15,18,66	3
5,6,8,10,15,31,43	3
5,6,8,10,15,31,61	3
5,6,8,10,15,31,66	3
5,6,8,10,15,43,106	3
5,6,8,10,15,43,47	3
5,6,8,10,15,43,61	3
5,6,8,10,15,43,66	4
5,6,8,10,15,47,66	3
5,6,8,10,15,51,66	3
5,6,8,10,15,61,66	3
5,6,8,10,15,66,106	3
5,6,8,10,15,66,71	3
5,6,8,10,18,51,66	3
5,6,8,10,24,43,47	3
5,6,8,10,27,43,106	3
5,6,8,10,27,43,61	3
5,6,8,10,27,51,61	3
5,6,8,10,27,61,106	3
5,6,8,10,31,43,61	3
5,6,8,10,31,43,66	3
5,6,8,10,31,61,66	3
5,6,8,10,43,47,66	3
5,6,8,10,43,51,61	3
5,6,8,10,43,61,106	3
5,6,8,10,43,61,66	3
5,6,8,10,43,66,106	3
5,6,8,12,14,15,16	3
5,6,8,12,14,15,24	3
5,6,8,12,14,15,43	3
5,6,8,12,14,15,61	3
5,6,8,12,14,16,24	3
5,6,8,12,14,16,43	3
5,6,8,12,14,16,61	3
5,6,8,12,14,18,26	3
5,6,8,12,14,24,43	3
5,6,8,12,14,24,61	4
5,6,8,12,14,25,61	3
5,6,8,12,14,26,61	3
5,6,8,12,14,26,73	3
5,6,8,12,14,43,61	3
5,6,8,12,14,61,79	3
5,6,8,12,15,16,24	3
5,6,8,12,15,16,25	3
5,6,8,12,15,16,43	4
5,6,8,12,15,16,61	3
5,6,8,12,15,16,79	3
5,6,8,12,15,16,98	3
5,6,8,12,15,18,30	3
5,6,8,12,15,18,43	4
5,6,8,12,15,20,24	3
5,6,8,12,15,20,27	3
5,6,8,12,15,20,55	3
5,6,8,12,15,20,61	4
5,6,8,12,15,20,98	3
5,6,8,12,15,24,35	3
5,6,8,12,15,24,43	6
5,6,8,12,15,24,61	5
5,6,8,12,15,24,66	5
5,6,8,12,15,24,69	3
5,6,8,12,15,24,79	3
5,6,8,12,15,24,93	3
5,6,8,12,15,24,98	3
5,6,8,12,15,25,35	3
5,6,8,12,15,25,43	3
5,6,8,12,15,25,61	4
5,6,8,12,15,25,66	3
5,6,8,12,15,25,73	3
5,6,8,12,15,26,61	3
5,6,8,12,15,26,98	3
5,6,8,12,15,27,30	3
5,6,8,12,15,27,43	3
5,6,8,12,15,27,61	3
5,6,8,12,15,27,66	5
5,6,8,12,15,27,71	3
5,6,8,12,15,27,93	3
5,6,8,12,15,27,98	3
5,6,8,12,15,30,43	4
5,6,8,12,15,30,66	3
5,6,8,12,15,30,93	4
5,6,8,12,15,33,43	3
5,6,8,12,15,33,51	3
5,6,8,12,15,33,66	4
5,6,8,12,15,35,43	4
5,6,8,12,15,35,61	5
5,6,8,12,15,35,66	3
5,6,8,12,15,35,69	3
5,6,8,12,15,35,98	3
5,6,8,12,15,43,106	3
5,6,8,12,15,43,47	3
5,6,8,12,15,43,61	5
5,6,8,12,15,43,66	6
5,6,8,12,15,43,69	3
5,6,8,12,15,43,71	3
5,6,8,12,15,43,75	3
5,6,8,12,15,43,79	4
5,6,8,12,15,43,85	3
5,6,8,12,15,43,91	3
5,6,8,12,15,43,93	4
5,6,8,12,15,43,98	4
5,6,8,12,15,51,66	3
5,6,8,12,15,55,61	3
5,6,8,12,15,58,61	3
5,6,8,12,15,61,106	3
5,6,8,12,15,61,66	5
5,6,8,12,15,61,69	5
5,6,8,12,15,61,85	3
5,6,8,12,15,61,98	4
5,6,8,12,15,66,106	3
5,6,8,12,15,66,69	3
5,6,8,12,15,66,71	3
5,6,8,12,15,66,91	3
5,6,8,12,15,66,93	3
5,6,8,12,15,75,93	3
5,6,8,12,15,93,98	3
5,6,8,12,16,24,43	3
5,6,8,12,16,24,61	3
5,6,8,12,16,25,43	3
5,6,8,12,16,43,61	3
5,6,8,12,16,43,75	3
5,6,8,12,16,43,79	3
5,6,8,12,16,43,98	4
5,6,8,12,16,75,98	3
5,6,8,12,18,20,25	3
5,6,8,12,18,20,30	3
5,6,8,12,18,20,43	3
5,6,8,12,18,25,32	3
5,6,8,12,18,25,43	5
5,6,8,12,18,30,106	3
5,6,8,12,18,30,31	3
5,6,8,12,18,30,43	6
5,6,8,12,18,30,55	3
5,6,8,12,18,30,59	3
5,6,8,12,18,30,61	4
5,6,8,12,18,31,43	3
5,6,8,12,18,32,36	3
5,6,8,12,18,33,43	3
5,6,8,12,18,33,66	3
5,6,8,12,18,33,71	3
5,6,8,12,18,35,39	3
5,6,8,12,18,35,43	4
5,6,8,12,18,35,75	3
5,6,8,12,18,36,51	4
5,6,8,12,18,40,43	3
5,6,8,12,18,40,61	3
5,6,8,12,18,43,106	4
5,6,8,12,18,43,51	3
5,6,8,12,18,43,54	3
5,6,8,12,18,43,59	3
5,6,8,12,18,43,61	5
5,6,8,12,18,43,66	3
5,6,8,12,18,43,75	5
5,6,8,12,18,43,93	3
5,6,8,12,18,54,106	3
5,6,8,12,18,61,106	3
5,6,8,12,18,61,71	3
5,6,8,12,18,71,106	3
5,6,8,12,20,24,43	4
5,6,8,12,20,24,61	4
5,6,8,12,20,25,43	3
5,6,8,12,20,30,43	3
5,6,8,12,20,41,43	3
5,6,8,12,20,43,47	3
5,6,8,12,20,43,61	4
5,6,8,12,20,43,94	3
5,6,8,12,20,55,61	3
5,6,8,12,20,61,66	3
5,6,8,12,20,61,80	3
5,6,8,12,24,35,43	3
5,6,8,12,24,35,61	3
5,6,8,12,24,35,66	3
5,6,8,12,24,43,47	3
5,6,8,12,24,43,61	5
5,6,8,12,24,43,66	5
5,6,8,12,24,43,71	3
5,6,8,12,24,43,79	3
5,6,8,12,24,43,98	3
5,6,8,12,24,61,66	4
5,6,8,12,24,61,69	3
5,6,8,12,24,61,98	3
5,6,8,12,25,35,43	3
5,6,8,12,25,35,61	3
5,6,8,12,25,43,116	3
5,6,8,12,25,43,61	3
5,6,8,12,25,43,66	4
5,6,8,12,25,43,69	4
5,6,8,12,25,43,75	3
5,6,8,12,25,43,79	3
5,6,8,12,25,43,94	3
5,6,8,12,25,43,98	3
5,6,8,12,25,57,61	3
5,6,8,12,25,61,66	4
5,6,8,12,25,61,79	3
5,6,8,12,25,69,116	3
5,6,8,12,26,61,98	3
5,6,8,12,27,30,66	3
5,6,8,12,27,31,34	3
5,6,8,12,27,31,43	3
5,6,8,12,27,31,61	3
5,6,8,12,27,31,66	3
5,6,8,12,27,34,61	3
5,6,8,12,27,34,66	3
5,6,8,12,27,40,61	3
5,6,8,12,27,43,106	3
5,6,8,12,27,43,51	3
5,6,8,12,27,43,61	3
5,6,8,12,27,43,66	3
5,6,8,12,27,51,61	3
5,6,8,12,27,57,61	3
5,6,8,12,27,57,66	3
5,6,8,12,27,61,106	3
5,6,8,12,27,61,66	4
5,6,8,12,30,43,141	3
5,6,8,12,30,43,51	3
5,6,8,12,30,43,61	4
5,6,8,12,30,43,93	3
5,6,8,12,30,61,141	3
5,6,8,12,31,34,61	3
5,6,8,12,31,34,66	3
5,6,8,12,31,43,106	3
5,6,8,12,31,43,118	4
5,6,8,12,31,43,51	3
5,6,8,12,31,43,61	3
5,6,8,12,31,43,66	4
5,6,8,12,31,43,71	3
5,6,8,12,31,43,91	3
5,6,8,12,31,52,118	3
5,6,8,12,31,52,63	4
5,6,8,12,31,52,91	4
5,6,8,12,31,61,66	4
5,6,8,12,31,61,71	3
5,6,8,12,31,63,118	3
5,6,8,12,31,63,91	4
5,6,8,12,31,66,71	3
5,6,8,12,31,91,118	4
5,6,8,12,31,91,98	3
5,6,8,12,31,98,118	3
5,6,8,12,33,40,43	3
5,6,8,12,33,43,61	3
5,6,8,12,33,43,66	4
5,6,8,12,33,51,66	3
5,6,8,12,34,43,61	3
5,6,8,12,34,47,61	3
5,6,8,12,34,57,61	4
5,6,8,12,34,61,66	3
5,6,8,12,34,61,71	3
5,6,8,12,35,40,78	3
5,6,8,12,35,43,116	3
5,6,8,12,35,43,61	4
5,6,8,12,35,43,66	3
5,6,8,12,35,43,72	3
5,6,8,12,35,43,75	6
5,6,8,12,35,43,93	3
5,6,8,12,35,43,98	3
5,6,8,12,35,61,106	3
5,6,8,12,35,61,66	3
5,6,8,12,35,61,69	3
5,6,8,12,35,61,71	3
5,6,8,12,35,61,73	3
5,6,8,12,35,61,98	4
5,6,8,12,35,72,75	3
5,6,8,12,35,98,106	3
5,6,8,12,39,43,48	3
5,6,8,12,39,43,72	3
5,6,8,12,39,48,72	3
5,6,8,12,40,43,61	3
5,6,8,12,41,43,61	3
5,6,8,12,43,48,72	3
5,6,8,12,43,51,106	3
5,6,8,12,43,51,61	3
5,6,8,12,43,54,106	3
5,6,8,12,43,61,106	4
5,6,8,12,43,61,141	3
5,6,8,12,43,61,66	5
5,6,8,12,43,61,69	3
5,6,8,12,43,61,71	4
5,6,8,12,43,61,75	3
5,6,8,12,43,61,79	4
5,6,8,12,43,61,85	3
5,6,8,12,43,61,93	3
5,6,8,12,43,61,98	4
5,6,8,12,43,66,106	4
5,6,8,12,43,66,69	3
5,6,8,12,43,66,71	3
5,6,8,12,43,66,91	3
5,6,8,12,43,69,116	3
5,6,8,12,43,71,106	3
5,6,8,12,43,72,75	3
5,6,8,12,43,72,93	3
5,6,8,12,43,75,93	3
5,6,8,12,43,75,98	4
5,6,8,12,43,91,118	3
5,6,8,12,43,91,98	3
5,6,8,12,52,63,118	3
5,6,8,12,52,63,91	4
5,6,8,12,52,91,118	3
5,6,8,12,57,61,66	3
5,6,8,12,61,66,69	3
5,6,8,12,61,66,71	3
5,6,8,12,61,71,106	4
5,6,8,12,61,75,98	3
5,6,8,12,61,98,106	3
5,6,8,12,63,91,118	3
5,6,8,12,91,98,118	3
5,6,8,14,15,16,24	3
5,6,8,14,15,16,43	4
5,6,8,14,15,16,61	4
5,6,8,14,15,16,66	3
5,6,8,14,15,16,93	3
5,6,8,14,15,16,98	3
5,6,8,14,15,18,30	3
5,6,8,14,15,18,93	3
5,6,8,14,15,24,43	3
5,6,8,14,15,24,61	3
5,6,8,14,15,25,35	3
5,6,8,14,15,30,93	3
5,6,8,14,15,43,61	4
5,6,8,14,15,43,66	4
5,6,8,14,15,43,69	3
5,6,8,14,15,43,93	4
5,6,8,14,15,43,98	3
5,6,8,14,15,61,66	3
5,6,8,14,15,61,93	3
5,6,8,14,15,61,98	3
5,6,8,14,15,66,69	3
5,6,8,14,15,66,93	3
5,6,8,14,15,93,98	3
5,6,8,14,16,24,43	3
5,6,8,14,16,24,61	3
5,6,8,14,16,43,61	4
5,6,8,14,16,43,66	3
5,6,8,14,16,43,93	3
5,6,8,14,16,43,98	3
5,6,8,14,16,61,66	3
5,6,8,14,16,61,93	3
5,6,8,14,16,61,98	3
5,6,8,14,16,93,98	3
5,6,8,14,18,30,61	3
5,6,8,14,18,30,84	3
5,6,8,14,18,30,93	3
5,6,8,14,18,61,84	3
5,6,8,14,24,25,116	3
5,6,8,14,24,25,35	3
5,6,8,14,24,26,98	3
5,6,8,14,24,35,116	3
5,6,8,14,24,43,61	3
5,6,8,14,25,35,116	3
5,6,8,14,30,61,84	3
5,6,8,14,43,61,66	3
5,6,8,14,43,61,93	3
5,6,8,14,43,61,98	3
5,6,8,14,43,66,69	3
5,6,8,14,43,66,93	3
5,6,8,14,43,93,98	3
5,6,8,14,61,93,98	3
5,6,8,15,16,24,43	3
5,6,8,15,16,24,61	3
5,6,8,15,16,25,43	3
5,6,8,15,16,43,61	4
5,6,8,15,16,43,66	3
5,6,8,15,16,43,79	3
5,6,8,15,16,43,93	3
5,6,8,15,16,43,98	4
5,6,8,15,16,61,66	3
5,6,8,15,16,61,93	3
5,6,8,15,16,61,98	3
5,6,8,15,16,93,98	3
5,6,8,15,18,30,43	4
5,6,8,15,18,30,61	3
5,6,8,15,18,30,93	4
5,6,8,15,18,43,61	3
5,6,8,15,18,43,93	3
5,6,8,15,18,51,66	3
5,6,8,15,20,24,61	3
5,6,8,15,20,55,61	3
5,6,8,15,24,35,43	3
5,6,8,15,24,35,61	3
5,6,8,15,24,35,66	3
5,6,8,15,24,43,61	4
5,6,8,15,24,43,66	4
5,6,8,15,24,43,79	3
5,6,8,15,24,43,98	3
5,6,8,15,24,61,66	3
5,6,8,15,24,61,69	3
5,6,8,15,24,61,98	3
5,6,8,15,25,35,61	3
5,6,8,15,25,61,66	3
5,6,8,15,26,35,69	3
5,6,8,15,26,35,98	3
5,6,8,15,26,43,98	3
5,6,8,15,26,61,98	3
5,6,8,15,26,69,98	3
5,6,8,15,27,30,66	3
5,6,8,15,27,43,51	3
5,6,8,15,27,43,66	3
5,6,8,15,27,61,66	3
5,6,8,15,30,43,51	3
5,6,8,15,30,43,61	3
5,6,8,15,30,43,66	3
5,6,8,15,30,43,93	4
5,6,8,15,30,51,66	3
5,6,8,15,30,66,93	3
5,6,8,15,31,43,61	3
5,6,8,15,31,43,66	3
5,6,8,15,31,61,66	3
5,6,8,15,33,43,51	3
5,6,8,15,33,43,66	4
5,6,8,15,33,43,69	3
5,6,8,15,33,51,66	4
5,6,8,15,33,66,69	3
5,6,8,15,35,43,118	3
5,6,8,15,35,43,61	3
5,6,8,15,35,43,66	3
5,6,8,15,35,43,69	3
5,6,8,15,35,43,98	3
5,6,8,15,35,61,66	3
5,6,8,15,35,61,69	3
5,6,8,15,35,61,98	3
5,6,8,15,35,69,98	3
5,6,8,15,43,47,66	3
5,6,8,15,43,51,57	3
5,6,8,15,43,51,66	4
5,6,8,15,43,51,69	3
5,6,8,15,43,51,93	3
5,6,8,15,43,57,84	3
5,6,8,15,43,58,61	3
5,6,8,15,43,58,69	3
5,6,8,15,43,58,79	3
5,6,8,15,43,58,98	3
5,6,8,15,43,61,66	5
5,6,8,15,43,61,69	4
5,6,8,15,43,61,85	3
5,6,8,15,43,61,91	3
5,6,8,15,43,61,93	3
5,6,8,15,43,61,98	5
5,6,8,15,43,66,106	3
5,6,8,15,43,66,69	4
5,6,8,15,43,66,91	4
5,6,8,15,43,66,93	4
5,6,8,15,43,66,98	3
5,6,8,15,43,69,98	3
5,6,8,15,43,73,98	3
5,6,8,15,43,75,93	3
5,6,8,15,43,79,84	3
5,6,8,15,43,79,98	3
5,6,8,15,43,84,98	3
5,6,8,15,43,91,93	3
5,6,8,15,43,91,98	3
5,6,8,15,43,93,98	3
5,6,8,15,51,66,93	3
5,6,8,15,57,61,66	3
5,6,8,15,61,66,69	3
5,6,8,15,61,66,91	3
5,6,8,15,61,66,98	3
5,6,8,15,61,69,98	3
5,6,8,15,61,91,98	3
5,6,8,15,61,93,98	3
5,6,8,15,66,91,93	3
5,6,8,15,66,91,98	3
5,6,8,15,90,93,98	3
5,6,8,16,24,43,61	3
5,6,8,16,43,61,66	3
5,6,8,16,43,61,93	3
5,6,8,16,43,61,98	3
5,6,8,16,43,75,98	3
5,6,8,16,43,91,98	3
5,6,8,16,43,93,98	3
5,6,8,16,61,93,98	3
5,6,8,18,20,30,43	4
5,6,8,18,25,43,61	3
5,6,8,18,25,43,66	3
5,6,8,18,30,31,43	4
5,6,8,18,30,31,51	4
5,6,8,18,30,43,47	3
5,6,8,18,30,43,51	4
5,6,8,18,30,43,55	3
5,6,8,18,30,43,57	3
5,6,8,18,30,43,59	3
5,6,8,18,30,43,61	4
5,6,8,18,30,43,93	3
5,6,8,18,30,57,61	3
5,6,8,18,30,61,84	3
5,6,8,18,31,40,43	3
5,6,8,18,31,43,51	5
5,6,8,18,31,43,66	3
5,6,8,18,34,43,61	3
5,6,8,18,35,43,75	3
5,6,8,18,40,43,51	4
5,6,8,18,40,43,75	3
5,6,8,18,43,51,61	3
5,6,8,18,43,54,106	3
5,6,8,18,43,57,61	3
5,6,8,18,43,61,66	3
5,6,8,18,43,61,98	3
5,6,8,18,61,71,106	3
5,6,8,20,24,43,61	3
5,6,8,24,25,35,116	3
5,6,8,24,35,43,61	3
5,6,8,24,35,43,66	3
5,6,8,24,35,61,66	3
5,6,8,24,43,61,66	4
5,6,8,24,43,61,98	3
5,6,8,25,27,57,66	3
5,6,8,25,35,69,116	3
5,6,8,25,43,61,66	3
5,6,8,25,43,69,116	3
5,6,8,26,35,69,98	3
5,6,8,27,31,34,61	3
5,6,8,27,31,34,66	3
5,6,8,27,31,61,66	3
5,6,8,27,34,61,66	3
5,6,8,27,43,51,61	3
5,6,8,27,43,51,94	3
5,6,8,27,43,52,79	3
5,6,8,27,43,61,106	3
5,6,8,27,57,61,66	3
5,6,8,27,61,66,106	3
5,6,8,30,31,43,51	4
5,6,8,30,43,51,66	3
5,6,8,30,43,57,61	3
5,6,8,30,43,61,141	3
5,6,8,31,34,61,66	3
5,6,8,31,43,51,57	3
5,6,8,31,43,61,66	4
5,6,8,31,43,61,71	3
5,6,8,31,43,66,71	3
5,6,8,31,43,91,118	3
5,6,8,31,43,91,98	3
5,6,8,31,51,57,61	3
5,6,8,31,52,63,118	3
5,6,8,31,52,63,91	4
5,6,8,31,52,91,118	3
5,6,8,31,57,61,66	3
5,6,8,31,61,66,71	3
5,6,8,31,63,91,118	3
5,6,8,31,91,98,118	3
5,6,8,33,43,51,66	3
5,6,8,33,43,66,69	3
5,6,8,35,43,61,66	3
5,6,8,35,43,61,98	3
5,6,8,35,43,72,75	3
5,6,8,35,61,98,106	3
5,6,8,39,43,48,72	3
5,6,8,43,51,57,98	3
5,6,8,43,51,66,93	3
5,6,8,43,61,66,69	3
5,6,8,43,61,66,71	3
5,6,8,43,61,66,91	3
5,6,8,43,61,66,98	3
5,6,8,43,61,71,106	3
5,6,8,43,61,75,98	3
5,6,8,43,61,91,98	3
5,6,8,43,61,93,98	3
5,6,8,43,66,91,93	3
5,6,8,43,66,91,98	3
5,6,8,52,63,91,118	3
5,6,8,61,66,91,98	3
5,6,8,9,10,12,27	3
5,6,8,9,10,12,43	3
5,6,8,9,10,12,61	3
5,6,8,9,10,27,61	3
5,6,8,9,10,43,47	3
5,6,8,9,10,43,61	3
5,6,8,9,10,51,61	3
5,6,8,9,12,18,32	3
5,6,8,9,12,18,35	3
5,6,8,9,12,18,43	3
5,6,8,9,12,20,24	3
5,6,8,9,12,20,43	3
5,6,8,9,12,20,71	3
5,6,8,9,12,24,43	4
5,6,8,9,12,24,61	3
5,6,8,9,12,24,66	3
5,6,8,9,12,25,43	4
5,6,8,9,12,25,66	3
5,6,8,9,12,27,43	3
5,6,8,9,12,27,61	4
5,6,8,9,12,31,118	4
5,6,8,9,12,31,43	5
5,6,8,9,12,31,52	4
5,6,8,9,12,31,61	3
5,6,8,9,12,31,63	4
5,6,8,9,12,31,66	4
5,6,8,9,12,31,71	3
5,6,8,9,12,31,91	5
5,6,8,9,12,31,98	3
5,6,8,9,12,34,61	3
5,6,8,9,12,35,43	4
5,6,8,9,12,35,61	3
5,6,8,9,12,35,71	3
5,6,8,9,12,43,118	4
5,6,8,9,12,43,47	3
5,6,8,9,12,43,52	4
5,6,8,9,12,43,61	5
5,6,8,9,12,43,66	4
5,6,8,9,12,43,72	3
5,6,8,9,12,43,75	3
5,6,8,9,12,43,91	3
5,6,8,9,12,43,94	3
5,6,8,9,12,51,52	4
5,6,8,9,12,52,118	3
5,6,8,9,12,52,63	4
5,6,8,9,12,52,91	4
5,6,8,9,12,61,106	3
5,6,8,9,12,61,66	4
5,6,8,9,12,61,71	4
5,6,8,9,12,63,118	3
5,6,8,9,12,63,91	4
5,6,8,9,12,71,98	3
5,6,8,9,12,91,118	4
5,6,8,9,12,91,98	3
5,6,8,9,12,98,118	3
5,6,8,9,15,27,98	3
5,6,8,9,15,31,91	3
5,6,8,9,15,35,118	3
5,6,8,9,15,35,43	3
5,6,8,9,15,43,118	3
5,6,8,9,15,43,61	3
5,6,8,9,15,43,66	3
5,6,8,9,15,43,98	3
5,6,8,9,15,61,66	3
5,6,8,9,18,43,53	3
5,6,8,9,18,43,75	3
5,6,8,9,20,24,43	3
5,6,8,9,24,43,61	3
5,6,8,9,24,43,66	4
5,6,8,9,24,61,66	3
5,6,8,9,27,51,52	3
5,6,8,9,31,43,118	3
5,6,8,9,31,43,61	3
5,6,8,9,31,43,66	4
5,6,8,9,31,43,91	4
5,6,8,9,31,43,98	3
5,6,8,9,31,51,91	3
5,6,8,9,31,52,118	3
5,6,8,9,31,52,63	4
5,6,8,9,31,52,91	4
5,6,8,9,31,61,66	4
5,6,8,9,31,63,118	3
5,6,8,9,31,63,91	4
5,6,8,9,31,91,118	4
5,6,8,9,31,91,98	4
5,6,8,9,31,98,118	3
5,6,8,9,35,43,118	3
5,6,8,9,43,51,52	3
5,6,8,9,43,51,57	3
5,6,8,9,43,51,98	3
5,6,8,9,43,52,118	3
5,6,8,9,43,57,98	3
5,6,8,9,43,61,66	4
5,6,8,9,43,91,118	3
5,6,8,9,43,91,98	3
5,6,8,9,43,98,118	3
5,6,8,9,51,57,98	4
5,6,8,9,52,63,118	3
5,6,8,9,52,63,91	4
5,6,8,9,52,91,118	3
5,6,8,9,52,98,118	3
5,6,8,9,63,91,118	3
5,6,8,9,91,98,118	3
5,6,9,10,12,27,61	3
5,6,9,12,15,24,35	3
5,6,9,12,15,24,61	3
5,6,9,12,15,35,61	3
5,6,9,12,18,26,61	3
5,6,9,12,18,35,39	3
5,6,9,12,20,24,43	3
5,6,9,12,24,35,61	3
5,6,9,12,24,43,61	3
5,6,9,12,24,43,66	3
5,6,9,12,24,61,66	3
5,6,9,12,27,51,52	3
5,6,9,12,27,51,61	3
5,6,9,12,27,51,64	3
5,6,9,12,27,52,61	3
5,6,9,12,27,61,106	3
5,6,9,12,27,71,98	3
5,6,9,12,31,43,118	3
5,6,9,12,31,43,66	3
5,6,9,12,31,43,91	3
5,6,9,12,31,52,118	3
5,6,9,12,31,52,63	4
5,6,9,12,31,52,91	4
5,6,9,12,31,61,66	3
5,6,9,12,31,63,118	3
5,6,9,12,31,63,91	4
5,6,9,12,31,91,118	4
5,6,9,12,31,91,98	3
5,6,9,12,31,98,118	3
5,6,9,12,34,47,61	3
5,6,9,12,35,47,61	3
5,6,9,12,39,43,72	3
5,6,9,12,43,61,66	3
5,6,9,12,43,61,94	3
5,6,9,12,43,91,118	3
5,6,9,12,51,52,61	3
5,6,9,12,52,61,64	3
5,6,9,12,52,63,118	3
5,6,9,12,52,63,91	4
5,6,9,12,52,91,118	3
5,6,9,12,63,91,118	3
5,6,9,12,91,98,118	3
5,6,9,15,24,35,61	3
5,6,9,15,35,43,118	3
5,6,9,15,43,61,66	3
5,6,9,24,43,61,66	3
5,6,9,27,51,52,61	3
5,6,9,27,51,52,79	3
5,6,9,31,43,61,66	3
5,6,9,31,43,91,118	3
5,6,9,31,43,91,98	3
5,6,9,31,52,63,118	3
5,6,9,31,52,63,91	4
5,6,9,31,52,91,118	3
5,6,9,31,63,91,118	3
5,6,9,31,91,98,118	3
5,6,9,43,51,57,98	3
5,6,9,52,63,91,118	3
5,8,10,12,15,43,106	3
5,8,10,12,15,43,66	3
5,8,10,12,15,66,106	3
5,8,10,12,15,66,71	3
5,8,10,12,24,43,47	3
5,8,10,12,27,43,106	3
5,8,10,12,27,43,61	3
5,8,10,12,27,43,66	3
5,8,10,12,27,51,61	3
5,8,10,12,27,61,106	3
5,8,10,12,43,61,106	3
5,8,10,12,43,66,106	3
5,8,10,15,18,51,66	3
5,8,10,15,31,43,61	3
5,8,10,15,31,43,66	3
5,8,10,15,31,61,66	3
5,8,10,15,43,47,66	3
5,8,10,15,43,61,66	3
5,8,10,15,43,66,106	3
5,8,10,18,30,43,61	3
5,8,10,18,31,43,51	3
5,8,10,27,43,61,106	3
5,8,10,31,43,61,66	3
5,8,10,31,51,57,66	3
5,8,12,14,15,16,24	3
5,8,12,14,15,16,43	3
5,8,12,14,15,16,61	3
5,8,12,14,15,24,43	3
5,8,12,14,15,24,61	3
5,8,12,14,15,43,61	3
5,8,12,14,15,58,61	3
5,8,12,14,15,61,66	3
5,8,12,14,16,24,43	3
5,8,12,14,16,24,61	3
5,8,12,14,16,43,61	3
5,8,12,14,18,26,30	3
5,8,12,14,24,43,61	3
5,8,12,15,16,24,43	3
5,8,12,15,16,24,61	3
5,8,12,15,16,25,43	3
5,8,12,15,16,43,61	3
5,8,12,15,16,43,79	3
5,8,12,15,16,43,98	3
5,8,12,15,18,30,43	4
5,8,12,15,18,30,55	3
5,8,12,15,18,30,61	3
5,8,12,15,18,30,75	3
5,8,12,15,18,43,55	3
5,8,12,15,18,43,61	4
5,8,12,15,18,43,75	3
5,8,12,15,18,55,75	3
5,8,12,15,20,24,61	3
5,8,12,15,20,55,61	3
5,8,12,15,24,35,43	3
5,8,12,15,24,35,61	3
5,8,12,15,24,35,66	3
5,8,12,15,24,43,61	4
5,8,12,15,24,43,66	4
5,8,12,15,24,43,79	3
5,8,12,15,24,43,98	3
5,8,12,15,24,61,66	3
5,8,12,15,24,61,69	3
5,8,12,15,24,61,98	3
5,8,12,15,25,35,61	3
5,8,12,15,25,57,58	3
5,8,12,15,25,61,66	3
5,8,12,15,26,61,98	3
5,8,12,15,27,30,66	3
5,8,12,15,27,43,66	3
5,8,12,15,27,61,66	3
5,8,12,15,30,43,55	3
5,8,12,15,30,43,61	3
5,8,12,15,30,43,75	3
5,8,12,15,30,43,93	3
5,8,12,15,30,55,75	3
5,8,12,15,33,43,66	3
5,8,12,15,33,51,66	3
5,8,12,15,34,61,66	3
5,8,12,15,35,43,61	3
5,8,12,15,35,43,66	3
5,8,12,15,35,61,66	3
5,8,12,15,35,61,69	3
5,8,12,15,35,61,98	3
5,8,12,15,43,55,75	3
5,8,12,15,43,61,106	3
5,8,12,15,43,61,66	4
5,8,12,15,43,61,69	4
5,8,12,15,43,61,75	3
5,8,12,15,43,61,85	3
5,8,12,15,43,61,91	3
5,8,12,15,43,61,93	3
5,8,12,15,43,61,98	4
5,8,12,15,43,66,106	3
5,8,12,15,43,66,69	3
5,8,12,15,43,66,91	3
5,8,12,15,43,75,93	3
5,8,12,15,43,93,98	3
5,8,12,15,51,61,66	3
5,8,12,15,51,66,71	3
5,8,12,15,58,61,66	3
5,8,12,15,61,66,118	3
5,8,12,15,61,66,69	4
5,8,12,15,61,66,71	3
5,8,12,15,61,66,91	3
5,8,12,15,61,91,124	3
5,8,12,15,61,93,98	3
5,8,12,15,61,98,106	3
5,8,12,16,24,43,61	3
5,8,12,16,25,35,116	3
5,8,12,16,25,35,43	3
5,8,12,16,25,43,116	3
5,8,12,16,25,43,79	3
5,8,12,16,35,43,116	3
5,8,12,16,43,58,79	3
5,8,12,16,43,75,98	3
5,8,12,18,20,30,43	4
5,8,12,18,26,30,32	3
5,8,12,18,26,30,43	3
5,8,12,18,26,30,58	3
5,8,12,18,26,32,36	3
5,8,12,18,26,43,58	3
5,8,12,18,30,32,36	3
5,8,12,18,30,32,74	3
5,8,12,18,30,34,43	3
5,8,12,18,30,36,74	3
5,8,12,18,30,43,47	3
5,8,12,18,30,43,55	3
5,8,12,18,30,43,58	3
5,8,12,18,30,43,61	5
5,8,12,18,30,43,69	3
5,8,12,18,30,43,75	3
5,8,12,18,30,55,75	3
5,8,12,18,32,36,74	3
5,8,12,18,35,43,75	3
5,8,12,18,39,43,48	3
5,8,12,18,43,54,106	3
5,8,12,18,43,55,75	3
5,8,12,18,43,57,61	3
5,8,12,18,43,61,75	3
5,8,12,18,61,71,106	3
5,8,12,20,24,43,61	3
5,8,12,22,35,40,63	3
5,8,12,24,35,43,61	3
5,8,12,24,35,43,66	3
5,8,12,24,35,61,66	3
5,8,12,24,43,61,66	4
5,8,12,24,43,61,98	3
5,8,12,25,35,43,116	3
5,8,12,25,35,43,58	3
5,8,12,25,35,43,61	3
5,8,12,25,35,43,66	3
5,8,12,25,35,43,69	3
5,8,12,25,35,43,72	3
5,8,12,25,35,43,75	3
5,8,12,25,35,43,79	3
5,8,12,25,35,43,94	3
5,8,12,25,35,58,79	3
5,8,12,25,35,66,69	3
5,8,12,25,35,72,75	3
5,8,12,25,43,58,79	3
5,8,12,25,43,61,79	3
5,8,12,25,43,66,69	3
5,8,12,25,43,66,75	3
5,8,12,25,43,69,116	3
5,8,12,25,43,72,75	3
5,8,12,26,30,36,43	3
5,8,12,26,30,36,74	3
5,8,12,26,30,43,58	3
5,8,12,26,30,43,74	3
5,8,12,26,32,43,74	3
5,8,12,26,36,43,74	3
5,8,12,27,30,43,66	3
5,8,12,27,31,34,61	3
5,8,12,27,31,34,66	3
5,8,12,27,31,61,66	3
5,8,12,27,34,61,66	3
5,8,12,27,43,61,106	3
5,8,12,27,57,61,66	3
5,8,12,30,32,36,74	3
5,8,12,30,32,43,74	3
5,8,12,30,33,43,66	3
5,8,12,30,36,43,74	3
5,8,12,30,43,55,61	3
5,8,12,30,43,55,75	3
5,8,12,30,43,55,93	3
5,8,12,30,43,61,141	3
5,8,12,31,34,61,66	3
5,8,12,31,43,61,66	3
5,8,12,31,43,61,71	3
5,8,12,31,43,63,91	3
5,8,12,31,43,66,71	3
5,8,12,31,43,91,118	3
5,8,12,31,52,63,118	3
5,8,12,31,52,63,91	4
5,8,12,31,52,91,118	3
5,8,12,31,61,66,71	3
5,8,12,31,63,91,118	3
5,8,12,31,91,98,118	3
5,8,12,32,40,43,66	3
5,8,12,32,40,43,74	3
5,8,12,35,43,58,79	3
5,8,12,35,43,61,66	3
5,8,12,35,43,61,91	3
5,8,12,35,43,61,98	3
5,8,12,35,43,66,69	3
5,8,12,35,43,72,75	4
5,8,12,35,43,79,116	3
5,8,12,35,61,98,106	3
5,8,12,39,43,48,72	3
5,8,12,43,52,69,94	3
5,8,12,43,58,61,79	3
5,8,12,43,61,66,69	3
5,8,12,43,61,66,71	3
5,8,12,43,61,71,106	3
5,8,12,43,61,75,98	3
5,8,12,43,61,93,98	3
5,8,12,43,61,98,106	3
5,8,12,52,63,91,118	3
5,8,14,15,16,24,43	3
5,8,14,15,16,24,61	3
5,8,14,15,16,43,61	4
5,8,14,15,16,43,66	3
5,8,14,15,16,43,93	3
5,8,14,15,16,43,98	3
5,8,14,15,16,61,66	3
5,8,14,15,16,61,93	3
5,8,14,15,16,61,98	3
5,8,14,15,16,93,98	3
5,8,14,15,18,30,93	3
5,8,14,15,24,43,61	3
5,8,14,15,43,61,66	3
5,8,14,15,43,61,93	3
5,8,14,15,43,61,98	3
5,8,14,15,43,66,69	3
5,8,14,15,43,66,93	3
5,8,14,15,43,93,98	3
5,8,14,15,61,93,98	3
5,8,14,16,24,43,61	3
5,8,14,16,43,61,66	3
5,8,14,16,43,61,93	3
5,8,14,16,43,61,98	3
5,8,14,16,43,93,98	3
5,8,14,16,61,93,98	3
5,8,14,18,30,61,84	3
5,8,14,24,25,35,116	3
5,8,14,24,25,35,79	3
5,8,14,24,32,58,106	3
5,8,14,32,40,58,86	3
5,8,14,43,61,93,98	3
5,8,15,16,24,43,61	3
5,8,15,16,43,61,66	3
5,8,15,16,43,61,93	3
5,8,15,16,43,61,98	3
5,8,15,16,43,93,98	3
5,8,15,16,61,93,98	3
5,8,15,18,30,43,47	3
5,8,15,18,30,43,55	3
5,8,15,18,30,43,61	4
5,8,15,18,30,43,75	3
5,8,15,18,30,43,93	3
5,8,15,18,30,55,75	3
5,8,15,18,43,55,75	3
5,8,15,18,43,57,61	3
5,8,15,18,43,57,66	3
5,8,15,24,35,43,61	3
5,8,15,24,35,43,66	3
5,8,15,24,35,61,66	3
5,8,15,24,43,61,66	3
5,8,15,24,43,61,98	3
5,8,15,25,57,58,142	3
5,8,15,26,35,69,98	3
5,8,15,30,43,51,66	3
5,8,15,30,43,55,75	3
5,8,15,31,43,61,66	3
5,8,15,33,43,51,66	3
5,8,15,33,43,66,69	3
5,8,15,35,43,61,66	3
5,8,15,43,51,66,93	3
5,8,15,43,61,66,69	3
5,8,15,43,61,66,91	3
5,8,15,43,61,66,98	3
5,8,15,43,61,91,98	3
5,8,15,43,61,93,98	4
5,8,15,43,66,91,93	3
5,8,15,43,66,91,98	3
5,8,15,61,66,91,98	3
5,8,16,18,30,43,61	3
5,8,16,25,35,43,116	3
5,8,16,43,61,93,98	3
5,8,18,26,30,43,58	3
5,8,18,30,31,43,51	4
5,8,18,30,32,36,74	3
5,8,18,30,43,47,61	3
5,8,18,30,43,55,75	3
5,8,18,30,43,57,61	3
5,8,24,35,43,61,66	3
5,8,25,35,43,58,79	3
5,8,25,35,43,66,69	3
5,8,25,35,43,72,75	3
5,8,26,30,36,43,74	3
5,8,26,43,79,84,127	3
5,8,27,31,34,61,66	3
5,8,30,51,57,61,140	3
5,8,31,43,61,66,71	3
5,8,31,52,63,91,118	3
5,8,43,61,66,91,98	3
5,8,9,10,12,27,61	3
5,8,9,10,31,61,91	3
5,8,9,12,15,43,61	3
5,8,9,12,15,61,118	3
5,8,9,12,15,61,66	3
5,8,9,12,15,66,118	3
5,8,9,12,18,30,43	3
5,8,9,12,18,32,43	3
5,8,9,12,18,43,75	3
5,8,9,12,20,24,43	3
5,8,9,12,20,41,43	3
5,8,9,12,20,43,66	3
5,8,9,12,24,43,61	3
5,8,9,12,24,43,66	3
5,8,9,12,24,61,66	3
5,8,9,12,25,35,43	3
5,8,9,12,27,43,61	3
5,8,9,12,27,51,61	3
5,8,9,12,31,43,118	3
5,8,9,12,31,43,66	3
5,8,9,12,31,43,91	3
5,8,9,12,31,43,98	3
5,8,9,12,31,52,118	3
5,8,9,12,31,52,63	4
5,8,9,12,31,52,91	4
5,8,9,12,31,61,66	3
5,8,9,12,31,63,118	3
5,8,9,12,31,63,91	4
5,8,9,12,31,91,118	4
5,8,9,12,31,91,98	3
5,8,9,12,31,98,118	3
5,8,9,12,32,40,66	3
5,8,9,12,33,43,66	3
5,8,9,12,35,43,61	4
5,8,9,12,35,58,61	3
5,8,9,12,43,61,66	3
5,8,9,12,43,61,79	3
5,8,9,12,43,61,94	3
5,8,9,12,43,63,91	3
5,8,9,12,43,91,118	3
5,8,9,12,51,63,91	3
5,8,9,12,52,63,118	3
5,8,9,12,52,63,91	4
5,8,9,12,52,91,118	3
5,8,9,12,61,66,118	3
5,8,9,12,61,66,71	3
5,8,9,12,63,91,118	4
5,8,9,12,71,91,118	3
5,8,9,12,91,98,118	3
5,8,9,14,24,25,35	3
5,8,9,14,24,25,79	3
5,8,9,14,24,35,79	3
5,8,9,14,25,35,79	3
5,8,9,15,35,43,118	3
5,8,9,15,43,47,61	3
5,8,9,15,43,58,79	3
5,8,9,15,43,61,66	3
5,8,9,15,61,66,118	3
5,8,9,15,61,66,91	3
5,8,9,16,31,51,57	3
5,8,9,24,25,35,79	3
5,8,9,24,43,61,66	3
5,8,9,25,43,58,79	3
5,8,9,26,51,58,127	3
5,8,9,31,43,61,66	3
5,8,9,31,43,91,118	3
5,8,9,31,43,91,98	3
5,8,9,31,52,63,118	3
5,8,9,31,52,63,91	4
5,8,9,31,52,91,118	3
5,8,9,31,63,91,118	3
5,8,9,31,91,98,118	3
5,8,9,35,43,58,79	3
5,8,9,43,51,57,98	3
5,8,9,52,63,91,118	3
5,9,12,15,24,35,61	3
5,9,12,15,26,40,51	3
5,9,12,15,61,66,118	3
5,9,12,24,43,61,66	3
5,9,12,24,54,59,61	3
5,9,12,27,51,52,61	3
5,9,12,31,43,91,118	3
5,9,12,31,52,63,118	3
5,9,12,31,52,63,91	4
5,9,12,31,52,91,118	3
5,9,12,31,63,91,118	3
5,9,12,31,91,98,118	3
5,9,12,32,33,43,50	3
5,9,12,43,52,61,94	3
5,9,12,52,63,91,118	3
5,9,14,24,25,35,79	3
5,9,31,52,63,91,118	3
6,10,12,15,27,31,34	3
6,10,12,15,27,31,61	3
6,10,12,15,27,31,66	3
6,10,12,15,27,34,61	3
6,10,12,15,27,34,66	3
6,10,12,15,27,43,61	3
6,10,12,15,27,43,91	3
6,10,12,15,27,61,66	3
6,10,12,15,31,34,61	3
6,10,12,15,31,34,66	3
6,10,12,15,31,61,66	3
6,10,12,15,34,61,66	3
6,10,12,15,43,66,106	3
6,10,12,27,30,43,51	3
6,10,12,27,31,34,61	3
6,10,12,27,31,34,66	3
6,10,12,27,31,61,66	3
6,10,12,27,34,43,61	3
6,10,12,27,34,43,66	3
6,10,12,27,34,61,66	4
6,10,12,27,43,61,106	3
6,10,12,27,43,61,66	3
6,10,12,31,34,61,66	3
6,10,12,34,43,61,66	3
6,10,15,18,30,31,57	3
6,10,15,18,30,31,61	3
6,10,15,18,30,31,66	3
6,10,15,18,30,43,51	3
6,10,15,18,30,57,61	3
6,10,15,18,30,57,66	3
6,10,15,18,30,61,66	3
6,10,15,18,31,57,61	3
6,10,15,18,31,57,66	3
6,10,15,18,31,61,66	3
6,10,15,18,57,61,66	3
6,10,15,27,31,34,61	3
6,10,15,27,31,34,66	3
6,10,15,27,31,61,66	3
6,10,15,27,34,61,66	3
6,10,15,30,31,57,61	3
6,10,15,30,31,57,66	3
6,10,15,30,31,61,66	3
6,10,15,30,57,61,66	3
6,10,15,31,34,61,66	3
6,10,15,31,43,61,66	3
6,10,15,31,51,61,66	3
6,10,15,31,57,61,66	3
6,10,15,43,61,66,106	3
6,10,18,25,32,36,67	3
6,10,18,30,31,57,61	3
6,10,18,30,31,57,66	3
6,10,18,30,31,61,66	3
6,10,18,30,57,61,66	3
6,10,18,31,57,61,66	3
6,10,27,31,34,61,66	3
6,10,27,34,43,61,66	3
6,10,30,31,57,61,66	3
6,12,14,15,16,24,43	3
6,12,14,15,16,24,61	3
6,12,14,15,16,43,61	3
6,12,14,15,24,26,61	3
6,12,14,15,24,26,93	3
6,12,14,15,24,43,61	3
6,12,14,15,24,61,93	3
6,12,14,15,26,61,75	3
6,12,14,15,26,61,93	3
6,12,14,16,24,35,43	3
6,12,14,16,24,43,58	3
6,12,14,16,24,43,61	3
6,12,14,24,26,61,93	3
6,12,14,43,61,66,69	3
6,12,15,16,24,43,61	3
6,12,15,16,25,43,66	3
6,12,15,20,27,61,66	3
6,12,15,20,55,61,80	3
6,12,15,24,25,35,66	3
6,12,15,24,25,35,69	3
6,12,15,24,25,66,69	3
6,12,15,24,26,61,93	3
6,12,15,24,35,43,61	3
6,12,15,24,35,43,66	3
6,12,15,24,35,61,66	3
6,12,15,24,35,66,69	3
6,12,15,24,43,61,66	3
6,12,15,24,43,61,98	3
6,12,15,25,35,66,69	3
6,12,15,27,30,31,61	3
6,12,15,27,31,34,61	3
6,12,15,27,31,34,66	3
6,12,15,27,31,61,66	3
6,12,15,27,34,61,66	3
6,12,15,27,35,46,61	3
6,12,15,27,35,46,79	3
6,12,15,27,35,61,79	3
6,12,15,27,46,61,79	3
6,12,15,27,47,51,52	3
6,12,15,27,55,61,80	3
6,12,15,27,57,61,66	3
6,12,15,30,55,61,79	3
6,12,15,30,55,61,80	3
6,12,15,30,55,79,80	3
6,12,15,30,61,79,80	3
6,12,15,31,34,61,66	3
6,12,15,35,43,61,66	3
6,12,15,35,43,61,91	3
6,12,15,35,46,61,79	3
6,12,15,43,61,66,69	3
6,12,15,55,61,79,80	3
6,12,16,25,35,43,69	3
6,12,16,43,61,66,69	3
6,12,18,20,30,61,79	3
6,12,18,20,30,61,80	3
6,12,18,20,30,79,80	3
6,12,18,20,61,79,80	3
6,12,18,25,32,36,51	3
6,12,18,30,34,57,61	3
6,12,18,30,43,55,93	3
6,12,18,30,61,79,80	3
6,12,18,31,43,51,106	3
6,12,18,32,36,51,124	3
6,12,20,30,61,79,80	3
6,12,20,32,36,51,124	3
6,12,24,25,35,43,61	3
6,12,24,25,35,43,66	3
6,12,24,25,35,61,66	3
6,12,24,25,35,61,98	3
6,12,24,25,35,66,69	3
6,12,24,25,43,61,66	3
6,12,24,35,39,46,64	3
6,12,24,35,43,61,66	4
6,12,24,35,43,61,98	3
6,12,24,35,43,66,98	3
6,12,24,35,61,66,98	3
6,12,24,43,61,66,98	3
6,12,24,61,75,93,98	3
6,12,25,32,36,51,124	3
6,12,25,33,35,69,79	3
6,12,25,35,43,61,66	3
6,12,26,27,47,51,64	3
6,12,27,30,33,43,51	3
6,12,27,31,34,57,61	3
6,12,27,31,34,57,66	3
6,12,27,31,34,61,66	4
6,12,27,31,57,61,66	3
6,12,27,34,43,61,66	3
6,12,27,34,57,61,66	3
6,12,27,35,39,40,46	3
6,12,27,35,46,61,79	3
6,12,30,55,61,79,80	3
6,12,31,34,57,61,66	3
6,12,31,43,61,66,71	3
6,12,31,52,63,91,118	3
6,12,35,43,61,66,98	3
6,12,35,61,71,98,106	3
6,14,15,16,24,43,61	3
6,14,15,16,43,61,66	3
6,14,15,16,43,61,93	3
6,14,15,16,43,61,98	3
6,14,15,16,43,93,98	3
6,14,15,16,61,93,98	3
6,14,15,24,26,61,93	3
6,14,15,43,61,93,98	3
6,14,16,43,61,93,98	3
6,14,24,39,46,58,64	3
6,15,16,43,61,93,98	3
6,15,18,30,31,43,140	3
6,15,18,30,31,57,61	3
6,15,18,30,31,57,66	3
6,15,18,30,31,61,66	3
6,15,18,30,57,61,66	3
6,15,18,31,57,61,66	3
6,15,24,25,35,66,69	3
6,15,24,35,43,61,66	3
6,15,26,27,40,52,64	3
6,15,27,31,34,61,66	3
6,15,27,35,39,52,53	3
6,15,27,35,46,61,79	3
6,15,30,31,57,61,66	3
6,15,30,55,61,79,80	3
6,15,43,61,66,91,98	3
6,18,20,30,61,79,80	3
6,18,25,32,36,51,124	3
6,18,30,31,57,61,66	3
6,24,25,35,43,61,66	3
6,24,35,43,61,66,98	3
6,26,35,40,46,53,61	3
6,27,31,34,57,61,66	3
6,7,8,12,18,43,75	3
6,7,8,15,43,61,98	3
6,8,10,11,12,34,55	3
6,8,10,12,15,18,66	3
6,8,10,12,15,27,31	3
6,8,10,12,15,27,34	3
6,8,10,12,15,27,43	3
6,8,10,12,15,27,61	4
6,8,10,12,15,27,66	3
6,8,10,12,15,31,34	3
6,8,10,12,15,31,61	3
6,8,10,12,15,31,66	3
6,8,10,12,15,34,61	3
6,8,10,12,15,34,66	3
6,8,10,12,15,43,106	3
6,8,10,12,15,43,61	3
6,8,10,12,15,43,66	3
6,8,10,12,15,61,66	3
6,8,10,12,15,66,106	3
6,8,10,12,15,66,71	3
6,8,10,12,18,27,61	3
6,8,10,12,24,43,47	3
6,8,10,12,27,31,34	3
6,8,10,12,27,31,61	3
6,8,10,12,27,31,66	3
6,8,10,12,27,34,43	3
6,8,10,12,27,34,61	4
6,8,10,12,27,34,66	4
6,8,10,12,27,40,61	3
6,8,10,12,27,43,106	3
6,8,10,12,27,43,51	3
6,8,10,12,27,43,61	5
6,8,10,12,27,43,66	3
6,8,10,12,27,43,91	3
6,8,10,12,27,51,61	3
6,8,10,12,27,61,106	3
6,8,10,12,27,61,66	4
6,8,10,12,27,61,79	3
6,8,10,12,31,34,61	3
6,8,10,12,31,34,66	3
6,8,10,12,31,61,66	3
6,8,10,12,32,43,59	3
6,8,10,12,34,43,61	3
6,8,10,12,34,43,66	3
6,8,10,12,34,61,66	4
6,8,10,12,43,61,106	3
6,8,10,12,43,61,66	3
6,8,10,12,43,66,106	3
6,8,10,15,18,27,30	3
6,8,10,15,18,30,31	3
6,8,10,15,18,30,43	3
6,8,10,15,18,30,51	3
6,8,10,15,18,30,57	3
6,8,10,15,18,30,61	3
6,8,10,15,18,30,66	3
6,8,10,15,18,31,57	3
6,8,10,15,18,31,61	3
6,8,10,15,18,31,66	3
6,8,10,15,18,43,51	3
6,8,10,15,18,51,66	3
6,8,10,15,18,57,61	3
6,8,10,15,18,57,66	3
6,8,10,15,18,61,66	3
6,8,10,15,27,31,34	3
6,8,10,15,27,31,61	3
6,8,10,15,27,31,66	3
6,8,10,15,27,34,61	3
6,8,10,15,27,34,66	3
6,8,10,15,27,43,61	3
6,8,10,15,27,61,66	3
6,8,10,15,30,31,57	3
6,8,10,15,30,31,61	3
6,8,10,15,30,31,66	3
6,8,10,15,30,43,51	3
6,8,10,15,30,43,61	3
6,8,10,15,30,57,61	3
6,8,10,15,30,57,66	3
6,8,10,15,30,61,66	3
6,8,10,15,31,34,61	3
6,8,10,15,31,34,66	3
6,8,10,15,31,43,61	3
6,8,10,15,31,43,66	3
6,8,10,15,31,57,61	3
6,8,10,15,31,57,66	3
6,8,10,15,31,61,66	4
6,8,10,15,34,61,66	3
6,8,10,15,35,43,61	4
6,8,10,15,43,47,66	3
6,8,10,15,43,61,106	3
6,8,10,15,43,61,66	4
6,8,10,15,43,61,91	3
6,8,10,15,43,66,106	4
6,8,10,15,57,61,66	3
6,8,10,15,61,66,106	3
6,8,10,15,61,91,98	3
6,8,10,18,30,31,57	3
6,8,10,18,30,31,61	3
6,8,10,18,30,31,66	3
6,8,10,18,30,43,51	3
6,8,10,18,30,57,61	3
6,8,10,18,30,57,66	3
6,8,10,18,30,61,66	3
6,8,10,18,31,57,61	3
6,8,10,18,31,57,66	3
6,8,10,18,31,61,66	3
6,8,10,18,57,61,66	3
6,8,10,27,30,43,51	3
6,8,10,27,31,34,61	3
6,8,10,27,31,34,66	3
6,8,10,27,31,61,66	3
6,8,10,27,34,43,61	3
6,8,10,27,34,43,66	3
6,8,10,27,34,61,66	5
6,8,10,27,43,61,106	4
6,8,10,27,43,61,66	3
6,8,10,27,43,66,69	3
6,8,10,30,31,57,61	3
6,8,10,30,31,57,66	3
6,8,10,30,31,61,66	3
6,8,10,30,57,61,66	3
6,8,10,31,34,61,66	3
6,8,10,31,43,61,66	3
6,8,10,31,57,61,66	3
6,8,10,34,43,61,66	3
6,8,10,43,61,66,106	3
6,8,12,14,15,16,24	3
6,8,12,14,15,16,43	3
6,8,12,14,15,16,61	3
6,8,12,14,15,24,26	3
6,8,12,14,15,24,43	3
6,8,12,14,15,24,61	4
6,8,12,14,15,24,93	3
6,8,12,14,15,26,61	4
6,8,12,14,15,26,75	3
6,8,12,14,15,26,93	3
6,8,12,14,15,43,61	3
6,8,12,14,15,61,69	3
6,8,12,14,15,61,75	3
6,8,12,14,15,61,93	3
6,8,12,14,16,24,35	3
6,8,12,14,16,24,43	4
6,8,12,14,16,24,58	3
6,8,12,14,16,24,61	3
6,8,12,14,16,35,43	3
6,8,12,14,16,43,58	3
6,8,12,14,16,43,61	3
6,8,12,14,18,26,84	3
6,8,12,14,24,26,61	3
6,8,12,14,24,26,93	3
6,8,12,14,24,35,43	3
6,8,12,14,24,35,58	3
6,8,12,14,24,43,58	3
6,8,12,14,24,43,61	3
6,8,12,14,24,61,93	3
6,8,12,14,26,61,75	3
6,8,12,14,26,61,93	3
6,8,12,14,35,43,61	3
6,8,12,14,43,61,79	3
6,8,12,15,16,24,43	3
6,8,12,15,16,24,61	3
6,8,12,15,16,25,43	4
6,8,12,15,16,25,66	3
6,8,12,15,16,33,43	3
6,8,12,15,16,43,61	3
6,8,12,15,16,43,66	4
6,8,12,15,16,43,69	3
6,8,12,15,16,43,79	3
6,8,12,15,16,43,93	4
6,8,12,15,16,43,98	3
6,8,12,15,18,30,43	3
6,8,12,15,18,30,55	3
6,8,12,15,18,30,61	3
6,8,12,15,18,61,79	3
6,8,12,15,20,24,61	3
6,8,12,15,20,27,61	3
6,8,12,15,20,27,66	3
6,8,12,15,20,55,61	4
6,8,12,15,20,55,80	3
6,8,12,15,20,61,66	3
6,8,12,15,20,61,80	3
6,8,12,15,24,26,61	3
6,8,12,15,24,26,93	3
6,8,12,15,24,35,43	3
6,8,12,15,24,35,61	3
6,8,12,15,24,35,66	3
6,8,12,15,24,43,61	4
6,8,12,15,24,43,66	4
6,8,12,15,24,43,79	3
6,8,12,15,24,43,98	3
6,8,12,15,24,55,61	3
6,8,12,15,24,61,66	3
6,8,12,15,24,61,69	3
6,8,12,15,24,61,93	3
6,8,12,15,24,61,98	3
6,8,12,15,25,35,61	3
6,8,12,15,25,40,57	3
6,8,12,15,25,43,66	3
6,8,12,15,25,61,66	3
6,8,12,15,26,61,69	3
6,8,12,15,26,61,75	3
6,8,12,15,26,61,93	3
6,8,12,15,26,61,98	3
6,8,12,15,27,30,51	3
6,8,12,15,27,30,57	3
6,8,12,15,27,30,66	4
6,8,12,15,27,31,34	3
6,8,12,15,27,31,61	3
6,8,12,15,27,31,66	3
6,8,12,15,27,34,61	3
6,8,12,15,27,34,66	3
6,8,12,15,27,43,61	3
6,8,12,15,27,43,66	3
6,8,12,15,27,43,91	3
6,8,12,15,27,57,61	3
6,8,12,15,27,57,66	3
6,8,12,15,27,61,66	4
6,8,12,15,30,31,57	3
6,8,12,15,30,43,93	3
6,8,12,15,31,34,61	3
6,8,12,15,31,34,66	3
6,8,12,15,31,61,66	3
6,8,12,15,33,43,66	4
6,8,12,15,33,43,69	3
6,8,12,15,33,51,66	3
6,8,12,15,34,43,61	3
6,8,12,15,34,61,66	3
6,8,12,15,35,43,61	4
6,8,12,15,35,43,66	3
6,8,12,15,35,43,91	3
6,8,12,15,35,61,66	3
6,8,12,15,35,61,69	3
6,8,12,15,35,61,91	3
6,8,12,15,35,61,98	3
6,8,12,15,43,61,66	4
6,8,12,15,43,61,69	3
6,8,12,15,43,61,79	3
6,8,12,15,43,61,85	3
6,8,12,15,43,61,91	3
6,8,12,15,43,61,98	4
6,8,12,15,43,66,106	4
6,8,12,15,43,66,69	3
6,8,12,15,43,66,91	3
6,8,12,15,43,66,93	3
6,8,12,15,43,75,93	3
6,8,12,15,55,61,80	3
6,8,12,15,57,61,66	3
6,8,12,15,58,61,79	3
6,8,12,15,61,66,69	3
6,8,12,16,24,35,43	3
6,8,12,16,24,43,58	3
6,8,12,16,24,43,61	3
6,8,12,16,25,35,43	3
6,8,12,16,25,35,69	3
6,8,12,16,25,43,66	3
6,8,12,16,25,43,69	3
6,8,12,16,25,43,79	3
6,8,12,16,33,43,69	3
6,8,12,16,34,43,69	3
6,8,12,16,35,43,58	3
6,8,12,16,35,43,69	3
6,8,12,16,43,58,141	3
6,8,12,16,43,58,79	3
6,8,12,16,43,61,66	3
6,8,12,16,43,61,69	3
6,8,12,16,43,61,75	3
6,8,12,16,43,66,69	3
6,8,12,16,43,73,124	3
6,8,12,16,43,75,98	3
6,8,12,16,61,66,69	3
6,8,12,18,20,30,43	3
6,8,12,18,20,30,61	3
6,8,12,18,20,30,79	3
6,8,12,18,20,30,80	3
6,8,12,18,20,61,79	3
6,8,12,18,20,61,80	3
6,8,12,18,20,79,80	3
6,8,12,18,25,43,53	3
6,8,12,18,30,34,57	3
6,8,12,18,30,34,61	3
6,8,12,18,30,43,47	3
6,8,12,18,30,43,61	3
6,8,12,18,30,57,61	3
6,8,12,18,30,61,79	3
6,8,12,18,30,61,80	3
6,8,12,18,30,79,80	3
6,8,12,18,32,35,52	3
6,8,12,18,32,36,51	3
6,8,12,18,34,57,61	3
6,8,12,18,35,43,75	3
6,8,12,18,36,51,124	3
6,8,12,18,39,43,59	3
6,8,12,18,43,47,59	3
6,8,12,18,43,54,106	3
6,8,12,18,43,75,93	3
6,8,12,18,61,71,106	3
6,8,12,18,61,79,80	3
6,8,12,20,24,43,61	3
6,8,12,20,27,61,66	3
6,8,12,20,30,61,79	3
6,8,12,20,30,61,80	3
6,8,12,20,30,79,80	3
6,8,12,20,31,61,66	3
6,8,12,20,31,66,71	3
6,8,12,20,35,46,79	3
6,8,12,20,55,61,80	3
6,8,12,20,57,61,80	3
6,8,12,20,61,79,80	3
6,8,12,24,26,61,93	3
6,8,12,24,27,39,40	3
6,8,12,24,31,43,61	3
6,8,12,24,35,43,61	3
6,8,12,24,35,43,66	3
6,8,12,24,35,61,66	3
6,8,12,24,43,61,66	5
6,8,12,24,43,61,79	3
6,8,12,24,43,61,98	3
6,8,12,24,43,91,98	3
6,8,12,25,35,43,69	3
6,8,12,25,43,69,116	3
6,8,12,27,28,61,66	3
6,8,12,27,30,43,51	3
6,8,12,27,31,34,57	3
6,8,12,27,31,34,61	4
6,8,12,27,31,34,66	4
6,8,12,27,31,57,61	3
6,8,12,27,31,57,66	3
6,8,12,27,31,61,66	4
6,8,12,27,34,43,61	3
6,8,12,27,34,43,66	3
6,8,12,27,34,43,71	3
6,8,12,27,34,57,61	3
6,8,12,27,34,57,66	3
6,8,12,27,34,61,66	5
6,8,12,27,43,61,106	3
6,8,12,27,43,61,66	3
6,8,12,27,57,61,66	4
6,8,12,28,43,61,69	3
6,8,12,30,34,57,61	3
6,8,12,30,43,61,141	3
6,8,12,30,61,79,80	3
6,8,12,31,34,57,61	3
6,8,12,31,34,57,66	3
6,8,12,31,34,61,66	4
6,8,12,31,43,61,66	3
6,8,12,31,43,61,71	3
6,8,12,31,43,61,99	3
6,8,12,31,43,66,71	3
6,8,12,31,43,91,118	3
6,8,12,31,52,63,118	3
6,8,12,31,52,63,91	4
6,8,12,31,52,91,118	3
6,8,12,31,57,61,66	3
6,8,12,31,61,66,71	3
6,8,12,31,63,91,118	3
6,8,12,31,91,98,118	3
6,8,12,32,34,35,43	3
6,8,12,32,35,40,43	3
6,8,12,32,43,51,61	3
6,8,12,32,43,61,79	3
6,8,12,32,46,61,79	3
6,8,12,33,34,43,69	3
6,8,12,33,43,51,66	3
6,8,12,33,43,61,66	3
6,8,12,33,43,61,69	3
6,8,12,34,35,40,43	3
6,8,12,34,43,61,66	3
6,8,12,34,57,61,66	3
6,8,12,35,43,61,66	3
6,8,12,35,43,61,79	4
6,8,12,35,43,61,91	3
6,8,12,35,43,61,98	3
6,8,12,35,43,72,75	3
6,8,12,35,58,69,79	3
6,8,12,35,61,98,106	3
6,8,12,39,43,48,72	3
6,8,12,40,43,51,61	3
6,8,12,40,51,61,79	3
6,8,12,43,51,61,79	3
6,8,12,43,61,66,69	4
6,8,12,43,61,66,71	3
6,8,12,43,61,71,106	3
6,8,12,43,61,75,98	3
6,8,12,52,63,91,118	3
6,8,14,15,16,24,43	3
6,8,14,15,16,24,61	3
6,8,14,15,16,43,61	4
6,8,14,15,16,43,66	3
6,8,14,15,16,43,93	3
6,8,14,15,16,43,98	3
6,8,14,15,16,61,66	3
6,8,14,15,16,61,93	3
6,8,14,15,16,61,98	3
6,8,14,15,16,93,98	3
6,8,14,15,18,30,93	3
6,8,14,15,24,26,61	3
6,8,14,15,24,26,93	3
6,8,14,15,24,43,61	3
6,8,14,15,24,61,93	3
6,8,14,15,26,61,75	3
6,8,14,15,26,61,93	3
6,8,14,15,43,61,66	3
6,8,14,15,43,61,93	3
6,8,14,15,43,61,98	3
6,8,14,15,43,66,69	3
6,8,14,15,43,66,93	3
6,8,14,15,43,93,98	3
6,8,14,15,61,93,98	3
6,8,14,16,24,35,43	3
6,8,14,16,24,43,58	3
6,8,14,16,24,43,61	3
6,8,14,16,43,61,66	3
6,8,14,16,43,61,93	3
6,8,14,16,43,61,98	3
6,8,14,16,43,93,98	3
6,8,14,16,61,93,98	3
6,8,14,18,30,61,84	3
6,8,14,24,25,35,116	3
6,8,14,24,26,61,93	3
6,8,14,24,39,46,58	3
6,8,14,24,39,46,64	3
6,8,14,24,39,58,64	3
6,8,14,24,46,58,64	3
6,8,14,39,46,58,64	3
6,8,14,39,51,61,64	3
6,8,14,43,61,93,98	3
6,8,15,16,24,43,61	3
6,8,15,16,25,43,66	3
6,8,15,16,43,61,66	3
6,8,15,16,43,61,93	3
6,8,15,16,43,61,98	3
6,8,15,16,43,66,93	3
6,8,15,16,43,93,98	3
6,8,15,16,61,93,98	3
6,8,15,18,20,30,79	3
6,8,15,18,30,31,140	3
6,8,15,18,30,31,43	3
6,8,15,18,30,31,57	3
6,8,15,18,30,31,61	3
6,8,15,18,30,31,66	3
6,8,15,18,30,43,140	3
6,8,15,18,30,43,51	3
6,8,15,18,30,43,61	3
6,8,15,18,30,43,93	3
6,8,15,18,30,57,61	3
6,8,15,18,30,57,66	3
6,8,15,18,30,61,66	3
6,8,15,18,31,43,140	3
6,8,15,18,31,57,61	3
6,8,15,18,31,57,66	3
6,8,15,18,31,61,66	3
6,8,15,18,57,61,66	3
6,8,15,20,27,61,66	3
6,8,15,20,55,61,80	3
6,8,15,24,26,61,93	3
6,8,15,24,35,43,61	3
6,8,15,24,35,43,66	3
6,8,15,24,35,61,66	3
6,8,15,24,43,61,66	3
6,8,15,24,43,61,98	3
6,8,15,25,35,43,61	3
6,8,15,25,40,61,64	3
6,8,15,26,35,69,98	3
6,8,15,26,43,58,127	3
6,8,15,27,30,43,51	3
6,8,15,27,31,34,61	3
6,8,15,27,31,34,66	3
6,8,15,27,31,61,66	3
6,8,15,27,34,61,66	3
6,8,15,27,57,61,66	3
6,8,15,30,31,43,140	3
6,8,15,30,31,57,61	3
6,8,15,30,31,57,66	3
6,8,15,30,31,61,66	3
6,8,15,30,43,51,66	3
6,8,15,30,57,61,66	3
6,8,15,31,34,61,66	3
6,8,15,31,43,61,66	3
6,8,15,31,57,61,66	3
6,8,15,33,43,51,66	3
6,8,15,33,43,66,69	3
6,8,15,35,43,61,66	4
6,8,15,35,43,61,91	3
6,8,15,43,51,66,93	3
6,8,15,43,61,66,106	3
6,8,15,43,61,66,69	3
6,8,15,43,61,66,91	3
6,8,15,43,61,66,98	3
6,8,15,43,61,91,98	3
6,8,15,43,61,93,98	3
6,8,15,43,66,91,93	3
6,8,15,43,66,91,98	3
6,8,15,61,66,91,98	3
6,8,16,25,35,43,69	3
6,8,16,43,61,66,69	3
6,8,16,43,61,93,98	3
6,8,18,20,30,61,79	3
6,8,18,20,30,61,80	3
6,8,18,20,30,79,80	3
6,8,18,20,61,79,80	3
6,8,18,27,34,57,61	3
6,8,18,27,34,61,66	3
6,8,18,27,48,79,81	3
6,8,18,30,31,43,140	3
6,8,18,30,31,43,51	5
6,8,18,30,31,57,61	3
6,8,18,30,31,57,66	3
6,8,18,30,31,61,66	3
6,8,18,30,34,57,61	3
6,8,18,30,43,57,61	3
6,8,18,30,57,61,66	3
6,8,18,30,61,79,80	3
6,8,18,31,57,61,66	3
6,8,18,34,57,61,80	3
6,8,20,30,61,79,80	3
6,8,24,27,34,43,71	3
6,8,24,35,39,58,64	3
6,8,24,35,43,61,66	3
6,8,24,39,46,58,64	3
6,8,27,28,34,43,66	3
6,8,27,30,33,43,66	3
6,8,27,31,34,57,61	3
6,8,27,31,34,57,66	3
6,8,27,31,34,61,66	4
6,8,27,31,57,61,66	3
6,8,27,34,43,61,66	3
6,8,27,34,43,66,71	3
6,8,27,34,57,61,66	3
6,8,27,34,61,66,106	3
6,8,27,35,43,59,79	3
6,8,30,31,57,61,66	3
6,8,31,34,57,61,66	3
6,8,31,43,61,66,71	3
6,8,31,52,63,91,118	3
6,8,35,43,58,69,79	3
6,8,43,61,66,91,98	3
6,8,9,10,12,24,39	3
6,8,9,10,12,24,43	3
6,8,9,10,12,27,43	4
6,8,9,10,12,27,51	3
6,8,9,10,12,27,61	4
6,8,9,10,12,27,91	3
6,8,9,10,12,32,43	3
6,8,9,10,12,32,59	3
6,8,9,10,12,35,43	3
6,8,9,10,12,39,43	3
6,8,9,10,12,43,59	3
6,8,9,10,12,43,61	3
6,8,9,10,12,43,91	3
6,8,9,10,15,35,43	3
6,8,9,10,15,35,61	3
6,8,9,10,15,43,61	4
6,8,9,10,15,43,91	3
6,8,9,10,15,61,91	3
6,8,9,10,27,43,61	3
6,8,9,10,27,43,91	3
6,8,9,10,31,47,61	3
6,8,9,10,32,35,79	3
6,8,9,10,32,43,59	3
6,8,9,10,35,43,61	3
6,8,9,10,43,61,91	3
6,8,9,10,43,91,98	3
6,8,9,12,14,15,61	3
6,8,9,12,14,24,35	3
6,8,9,12,14,24,58	3
6,8,9,12,14,26,61	3
6,8,9,12,14,26,64	3
6,8,9,12,14,35,58	3
6,8,9,12,14,39,64	3
6,8,9,12,15,24,61	3
6,8,9,12,15,35,43	3
6,8,9,12,15,35,61	3
6,8,9,12,15,43,61	3
6,8,9,12,18,32,43	3
6,8,9,12,18,35,39	3
6,8,9,12,20,24,43	3
6,8,9,12,24,27,43	3
6,8,9,12,24,33,61	3
6,8,9,12,24,35,43	3
6,8,9,12,24,35,58	3
6,8,9,12,24,39,43	3
6,8,9,12,24,39,64	3
6,8,9,12,24,43,61	4
6,8,9,12,24,43,66	4
6,8,9,12,24,43,71	3
6,8,9,12,24,61,66	4
6,8,9,12,27,35,43	3
6,8,9,12,27,40,43	3
6,8,9,12,27,40,51	3
6,8,9,12,27,43,46	3
6,8,9,12,27,43,61	3
6,8,9,12,27,43,91	3
6,8,9,12,31,43,118	3
6,8,9,12,31,43,52	3
6,8,9,12,31,43,66	3
6,8,9,12,31,43,91	3
6,8,9,12,31,52,118	3
6,8,9,12,31,52,63	4
6,8,9,12,31,52,91	4
6,8,9,12,31,61,66	3
6,8,9,12,31,63,118	3
6,8,9,12,31,63,91	4
6,8,9,12,31,91,118	4
6,8,9,12,31,91,98	3
6,8,9,12,31,98,118	3
6,8,9,12,32,35,43	5
6,8,9,12,32,40,43	4
6,8,9,12,32,43,51	3
6,8,9,12,32,43,53	3
6,8,9,12,32,43,59	3
6,8,9,12,32,43,61	3
6,8,9,12,33,43,66	3
6,8,9,12,34,35,43	3
6,8,9,12,34,35,71	3
6,8,9,12,35,43,61	4
6,8,9,12,35,43,79	3
6,8,9,12,35,46,58	3
6,8,9,12,35,61,79	3
6,8,9,12,39,43,48	3
6,8,9,12,40,43,51	4
6,8,9,12,43,51,61	3
6,8,9,12,43,61,66	4
6,8,9,12,43,61,79	4
6,8,9,12,43,63,91	3
6,8,9,12,43,91,118	3
6,8,9,12,43,91,98	3
6,8,9,12,51,63,91	3
6,8,9,12,52,63,118	3
6,8,9,12,52,63,91	4
6,8,9,12,52,91,118	3
6,8,9,12,63,91,118	3
6,8,9,12,63,91,98	3
6,8,9,12,91,98,118	3
6,8,9,14,24,35,58	3
6,8,9,15,27,35,43	3
6,8,9,15,35,43,118	3
6,8,9,15,35,43,61	4
6,8,9,15,35,43,79	3
6,8,9,15,43,61,66	3
6,8,9,15,43,61,91	3
6,8,9,24,43,61,66	4
6,8,9,27,32,35,43	3
6,8,9,27,34,61,66	3
6,8,9,27,39,51,98	3
6,8,9,31,43,61,66	3
6,8,9,31,43,91,118	3
6,8,9,31,43,91,98	3
6,8,9,31,52,63,118	3
6,8,9,31,52,63,91	4
6,8,9,31,52,91,118	3
6,8,9,31,63,91,118	3
6,8,9,31,91,98,118	3
6,8,9,32,35,43,59	3
6,8,9,32,35,43,79	3
6,8,9,32,35,61,79	3
6,8,9,35,43,61,79	3
6,8,9,35,51,57,79	3
6,8,9,43,51,57,98	3
6,8,9,43,51,91,98	3
6,8,9,52,63,91,118	3
6,9,10,12,27,43,61	3
6,9,10,12,27,43,91	3
6,9,10,12,32,43,59	3
6,9,10,15,35,43,61	3
6,9,10,15,43,61,91	3
6,9,12,14,24,35,58	3
6,9,12,15,24,35,61	3
6,9,12,15,27,35,61	3
6,9,12,15,35,43,61	3
6,9,12,15,35,61,79	3
6,9,12,24,27,39,40	3
6,9,12,24,35,39,46	3
6,9,12,24,35,39,64	3
6,9,12,24,35,46,64	3
6,9,12,24,39,46,64	3
6,9,12,24,43,61,66	4
6,9,12,27,51,52,61	3
6,9,12,31,43,91,118	3
6,9,12,31,52,63,118	3
6,9,12,31,52,63,91	4
6,9,12,31,52,91,118	3
6,9,12,31,63,91,118	3
6,9,12,31,91,98,118	3
6,9,12,35,39,46,64	3
6,9,12,35,43,61,79	3
6,9,12,40,51,61,79	3
6,9,12,52,63,91,118	3
6,9,24,35,39,46,64	3
6,9,31,52,63,91,118	3
6,9,32,35,51,57,79	3
7,8,12,14,34,35,43	3
7,8,12,15,43,61,98	3
8,10,12,15,27,31,34	3
8,10,12,15,27,31,61	3
8,10,12,15,27,31,66	3
8,10,12,15,27,34,61	3
8,10,12,15,27,34,66	3
8,10,12,15,27,43,61	3
8,10,12,15,27,61,66	3
8,10,12,15,30,34,61	3
8,10,12,15,31,34,61	3
8,10,12,15,31,34,66	3
8,10,12,15,31,61,66	3
8,10,12,15,33,51,71	3
8,10,12,15,34,61,106	3
8,10,12,15,34,61,66	3
8,10,12,15,43,66,106	3
8,10,12,15,59,61,79	3
8,10,12,18,31,34,61	3
8,10,12,18,31,34,66	3
8,10,12,18,31,61,66	3
8,10,12,18,34,61,66	4
8,10,12,27,31,34,61	3
8,10,12,27,31,34,66	3
8,10,12,27,31,61,66	3
8,10,12,27,34,43,61	3
8,10,12,27,34,43,66	3
8,10,12,27,34,61,66	4
8,10,12,27,43,61,106	3
8,10,12,27,43,61,66	3
8,10,12,27,43,66,69	3
8,10,12,31,34,43,106	3
8,10,12,31,34,61,66	4
8,10,12,34,43,61,66	3
8,10,12,43,61,66,106	3
8,10,12,43,61,66,69	3
8,10,12,43,61,66,71	3
8,10,12,43,61,71,106	3
8,10,12,43,66,71,106	3
8,10,12,61,66,71,106	3
8,10,15,18,30,31,57	3
8,10,15,18,30,31,61	3
8,10,15,18,30,31,66	3
8,10,15,18,30,43,51	3
8,10,15,18,30,57,61	3
8,10,15,18,30,57,66	3
8,10,15,18,30,61,66	3
8,10,15,18,31,57,61	3
8,10,15,18,31,57,66	3
8,10,15,18,31,61,66	3
8,10,15,18,57,61,66	3
8,10,15,27,31,34,61	3
8,10,15,27,31,34,66	3
8,10,15,27,31,61,66	3
8,10,15,27,34,61,66	3
8,10,15,30,31,57,61	3
8,10,15,30,31,57,66	3
8,10,15,30,31,61,66	3
8,10,15,30,57,61,66	3
8,10,15,31,34,61,66	3
8,10,15,31,43,61,66	3
8,10,15,31,57,61,66	3
8,10,15,43,51,57,66	3
8,10,15,43,61,66,106	3
8,10,18,30,31,57,61	3
8,10,18,30,31,57,66	3
8,10,18,30,31,61,66	3
8,10,18,30,57,61,66	3
8,10,18,31,34,61,66	3
8,10,18,31,57,61,66	3
8,10,27,31,34,61,66	3
8,10,27,34,43,61,66	3
8,10,30,31,57,61,66	3
8,10,43,61,66,71,106	3
8,12,14,15,16,24,43	3
8,12,14,15,16,24,61	3
8,12,14,15,16,25,35	3
8,12,14,15,16,25,43	3
8,12,14,15,16,26,43	3
8,12,14,15,16,35,43	3
8,12,14,15,16,43,61	3
8,12,14,15,24,26,61	3
8,12,14,15,24,26,93	3
8,12,14,15,24,43,61	3
8,12,14,15,24,43,75	3
8,12,14,15,24,61,93	3
8,12,14,15,25,26,43	3
8,12,14,15,25,35,43	4
8,12,14,15,25,35,61	3
8,12,14,15,25,41,58	3
8,12,14,15,25,43,58	3
8,12,14,15,25,43,61	3
8,12,14,15,26,43,93	3
8,12,14,15,26,61,75	3
8,12,14,15,26,61,93	3
8,12,14,15,35,43,61	3
8,12,14,15,43,58,61	3
8,12,14,15,43,58,79	3
8,12,14,16,24,35,43	3
8,12,14,16,24,43,58	3
8,12,14,16,24,43,61	3
8,12,14,16,25,35,43	3
8,12,14,24,26,61,93	3
8,12,14,25,35,43,61	3
8,12,14,35,43,61,73	3
8,12,15,16,24,43,61	3
8,12,15,16,25,35,43	3
8,12,15,16,25,43,66	3
8,12,15,18,20,58,93	3
8,12,15,18,20,59,66	3
8,12,15,18,24,43,58	3
8,12,15,18,24,43,61	3
8,12,15,18,27,30,61	3
8,12,15,18,30,43,52	3
8,12,15,18,30,43,55	3
8,12,15,18,30,43,61	4
8,12,15,18,30,43,75	3
8,12,15,18,30,43,94	3
8,12,15,18,30,55,61	3
8,12,15,18,30,55,75	3
8,12,15,18,43,55,75	3
8,12,15,18,43,57,61	3
8,12,15,18,43,59,66	3
8,12,15,20,27,61,66	3
8,12,15,20,55,57,66	3
8,12,15,20,55,61,80	3
8,12,15,24,25,35,66	3
8,12,15,24,26,43,98	3
8,12,15,24,26,61,93	3
8,12,15,24,35,43,61	3
8,12,15,24,35,43,66	3
8,12,15,24,35,43,98	3
8,12,15,24,35,61,66	3
8,12,15,24,43,47,66	3
8,12,15,24,43,58,61	3
8,12,15,24,43,61,66	4
8,12,15,24,43,61,98	3
8,12,15,25,35,43,61	3
8,12,15,25,35,61,73	3
8,12,15,25,40,57,58	3
8,12,15,25,57,58,142	3
8,12,15,27,31,34,61	3
8,12,15,27,31,34,66	3
8,12,15,27,31,61,66	3
8,12,15,27,33,43,66	3
8,12,15,27,34,61,66	3
8,12,15,27,55,57,61	3
8,12,15,27,55,57,66	3
8,12,15,27,55,61,66	3
8,12,15,27,57,61,66	4
8,12,15,27,61,66,71	3
8,12,15,30,43,55,75	3
8,12,15,31,34,61,66	3
8,12,15,32,40,59,61	3
8,12,15,32,41,48,61	3
8,12,15,32,43,58,152	3
8,12,15,32,43,59,61	3
8,12,15,34,43,51,61	3
8,12,15,35,43,61,66	3
8,12,15,35,43,61,91	3
8,12,15,43,55,75,93	3
8,12,15,43,58,79,93	3
8,12,15,43,61,66,69	3
8,12,15,43,61,66,98	3
8,12,15,43,61,93,98	3
8,12,15,55,57,61,66	3
8,12,16,25,35,43,116	3
8,12,16,25,35,43,58	3
8,12,16,25,35,43,69	3
8,12,16,25,35,43,79	3
8,12,16,25,35,58,79	3
8,12,16,25,43,58,79	3
8,12,16,35,43,58,79	3
8,12,16,43,61,66,69	3
8,12,18,20,30,61,79	3
8,12,18,20,30,61,80	3
8,12,18,20,30,79,80	3
8,12,18,20,61,79,80	3
8,12,18,26,30,32,36	3
8,12,18,26,30,32,43	3
8,12,18,26,30,32,58	3
8,12,18,26,30,36,43	3
8,12,18,26,30,36,58	3
8,12,18,26,30,43,58	4
8,12,18,26,30,43,98	3
8,12,18,26,30,58,98	3
8,12,18,26,32,35,52	3
8,12,18,26,32,36,43	3
8,12,18,26,32,36,51	3
8,12,18,26,32,36,58	3
8,12,18,26,32,43,58	3
8,12,18,26,36,43,58	3
8,12,18,26,43,58,98	3
8,12,18,30,32,36,43	3
8,12,18,30,32,36,58	3
8,12,18,30,32,36,74	3
8,12,18,30,32,43,58	3
8,12,18,30,34,57,61	3
8,12,18,30,36,43,58	3
8,12,18,30,43,47,59	3
8,12,18,30,43,47,75	3
8,12,18,30,43,52,94	3
8,12,18,30,43,55,75	3
8,12,18,30,43,58,98	3
8,12,18,30,61,79,80	3
8,12,18,31,34,61,66	3
8,12,18,32,35,43,52	3
8,12,18,32,36,43,58	3
8,12,18,32,40,43,58	3
8,12,18,32,40,43,66	3
8,12,18,32,52,53,66	3
8,12,18,33,51,61,128	3
8,12,18,33,51,61,66	3
8,12,18,43,47,59,61	3
8,12,20,30,61,79,80	3
8,12,24,32,40,43,58	3
8,12,24,35,43,61,66	3
8,12,25,35,43,58,61	3
8,12,25,35,43,58,79	4
8,12,25,35,43,66,69	3
8,12,25,35,43,72,75	3
8,12,26,30,32,36,43	3
8,12,26,30,32,36,58	3
8,12,26,30,32,43,58	3
8,12,26,30,36,43,58	3
8,12,26,30,36,43,74	3
8,12,26,30,43,58,98	3
8,12,26,32,36,43,58	3
8,12,27,31,34,57,61	3
8,12,27,31,34,57,66	3
8,12,27,31,34,61,66	4
8,12,27,31,57,61,66	3
8,12,27,34,43,61,66	3
8,12,27,34,57,61,66	3
8,12,27,35,43,61,91	3
8,12,27,55,57,61,66	3
8,12,30,32,35,43,66	3
8,12,30,32,36,43,58	3
8,12,30,32,40,43,66	3
8,12,30,34,59,61,79	3
8,12,31,34,57,61,66	3
8,12,31,43,61,66,71	3
8,12,31,52,63,91,118	3
8,12,35,43,61,66,69	3
8,12,35,43,66,91,98	3
8,12,43,61,66,69,106	3
8,12,43,61,66,69,71	3
8,12,43,61,66,69,90	3
8,12,43,61,66,69,93	3
8,12,43,61,66,71,106	3
8,12,43,61,66,90,93	3
8,12,43,61,69,90,93	3
8,12,43,61,71,98,106	3
8,12,43,66,69,90,93	3
8,12,43,66,69,99,106	3
8,12,61,66,69,90,93	3
8,14,15,16,24,43,61	3
8,14,15,16,25,35,43	3
8,14,15,16,43,61,66	3
8,14,15,16,43,61,93	3
8,14,15,16,43,61,98	3
8,14,15,16,43,93,98	3
8,14,15,16,61,93,98	3
8,14,15,24,26,61,93	3
8,14,15,25,35,43,61	3
8,14,15,43,61,93,98	3
8,14,16,43,61,93,98	3
8,14,24,39,46,58,64	3
8,14,32,40,41,47,106	3
8,15,16,43,61,93,98	3
8,15,18,30,31,43,140	3
8,15,18,30,31,57,61	3
8,15,18,30,31,57,66	3
8,15,18,30,31,61,66	3
8,15,18,30,43,55,75	3
8,15,18,30,57,61,66	3
8,15,18,31,57,61,66	3
8,15,18,43,51,57,61	3
8,15,24,35,43,61,66	3
8,15,25,43,57,58,142	3
8,15,26,35,43,51,52	3
8,15,27,31,34,61,66	3
8,15,27,55,57,61,66	3
8,15,30,31,57,61,66	3
8,15,30,33,43,51,66	3
8,15,30,43,51,57,61	3
8,15,30,43,51,66,140	3
8,15,32,35,43,51,58	3
8,15,33,43,51,57,61	3
8,15,43,61,66,91,98	3
8,16,25,35,43,58,79	3
8,18,20,30,61,79,80	3
8,18,26,30,32,36,43	3
8,18,26,30,32,36,58	3
8,18,26,30,32,43,58	3
8,18,26,30,36,43,58	3
8,18,26,30,43,58,98	3
8,18,26,32,36,43,58	3
8,18,30,31,57,61,66	3
8,18,30,32,36,43,58	3
8,24,32,40,41,47,58	3
8,26,30,32,36,43,58	3
8,26,30,32,36,58,60	3
8,26,32,35,43,51,52	3
8,26,32,35,43,51,58	3
8,26,32,35,43,51,79	3
8,26,32,35,43,52,58	3
8,26,32,35,51,52,58	3
8,26,32,43,51,52,58	3
8,26,35,43,51,52,58	3
8,27,31,34,57,61,66	3
8,27,32,35,43,59,79	3
8,27,35,43,52,59,79	3
8,32,35,43,51,52,58	3
8,32,35,43,51,57,79	3
8,43,61,66,69,90,93	3
8,43,61,66,90,93,98	3
8,9,10,12,27,43,61	3
8,9,10,12,27,43,91	3
8,9,10,12,32,43,59	3
8,9,10,12,34,35,43	3
8,9,10,15,35,43,61	3
8,9,10,15,43,61,91	3
8,9,12,14,15,25,58	3
8,9,12,14,24,35,58	3
8,9,12,15,24,35,66	3
8,9,12,15,25,43,93	4
8,9,12,15,25,51,57	3
8,9,12,15,25,57,58	3
8,9,12,15,35,43,61	3
8,9,12,15,40,57,58	3
8,9,12,15,43,61,66	3
8,9,12,15,61,66,118	3
8,9,12,15,61,66,71	3
8,9,12,24,27,35,71	3
8,9,12,24,43,61,66	4
8,9,12,25,43,58,79	3
8,9,12,27,35,43,61	3
8,9,12,27,35,43,91	3
8,9,12,27,35,61,91	3
8,9,12,27,43,61,79	3
8,9,12,27,43,61,91	3
8,9,12,31,43,91,118	3
8,9,12,31,52,63,118	3
8,9,12,31,52,63,91	4
8,9,12,31,52,91,118	3
8,9,12,31,63,91,118	3
8,9,12,31,91,98,118	3
8,9,12,32,33,43,53	3
8,9,12,32,33,43,66	3
8,9,12,32,35,43,59	3
8,9,12,35,43,55,59	3
8,9,12,35,43,61,66	3
8,9,12,35,43,61,79	4
8,9,12,35,43,61,91	3
8,9,12,43,61,66,69	3
8,9,12,43,61,66,71	3
8,9,12,52,63,91,118	3
8,9,14,18,51,61,66	3
8,9,14,24,25,35,79	3
8,9,14,24,35,46,64	3
8,9,15,25,33,43,61	3
8,9,15,25,43,58,79	3
8,9,15,25,57,58,142	3
8,9,15,43,51,57,93	3
8,9,15,43,57,58,79	3
8,9,15,43,61,66,98	3
8,9,27,35,43,61,91	3
8,9,31,52,63,91,118	3
9,12,24,35,39,46,64	3
9,12,27,35,43,61,91	3
9,12,31,52,63,91,118	3
9,14,24,39,46,58,64	3
